5 0.5014453125 0.34781944444444446 0.032070312499999996 0.15877777777777777
2 0.432140625 0.3998888888888889 0.0116328125 0.022069444444444444
4 0.3864296875 0.531875 0.0437421875 0.16186111111111112
3 0.5585234375 0.5858333333333333 0.048078125 0.14484722222222224
4 0.2061640625 0.5939305555555555 0.0455546875 0.1482638888888889
3 0.760625 0.5956250000000001 0.0660625 0.11494444444444445
3 0.8666015625 0.6451111111111112 0.05532812499999999 0.12834722222222222
4 0.2561171875 0.6535555555555556 0.0427578125 0.18541666666666667
4 0.424609375 0.6638333333333333 0.04 0.19983333333333334
3 0.5144609375 0.6860972222222222 0.035328125 0.1659861111111111
4 0.296921875 0.7291111111111112 0.0562890625 0.18859722222222222
4 0.3705390625 0.7459444444444445 0.0691015625 0.283375
3 0.897625 0.7487222222222223 0.07271093749999999 0.1963888888888889
3 0.512578125 0.7634166666666666 0.0327265625 0.19175
5 0.51028125 0.894861111111111 0.0449453125 0.14997222222222223