5 0.5013828124999999 0.34833333333333333 0.0318359375 0.16115277777777778
2 0.472953125 0.5496666666666666 0.013523437499999999 0.024958333333333332
4 0.4111328125 0.5501111111111111 0.03765625 0.17386111111111113
3 0.759140625 0.5741111111111111 0.0669296875 0.15756944444444446
4 0.2375703125 0.6017222222222223 0.04403125 0.16480555555555554
3 0.586984375 0.60625 0.0368828125 0.16570833333333335
3 0.8715859375000001 0.6293472222222222 0.0493515625 0.16390277777777779
4 0.42971875 0.65425 0.0396875 0.22094444444444447
3 0.5314687499999999 0.6680555555555555 0.0465703125 0.24856944444444445
4 0.30670312499999997 0.6682916666666667 0.0488515625 0.19469444444444445
3 0.5072734375 0.6936388888888889 0.038421875 0.2517361111111111
4 0.44155468750000004 0.7056388888888889 0.0766015625 0.27845833333333336
4 0.23985937499999999 0.7183194444444445 0.060835937500000006 0.18608333333333332
3 0.8639453125 0.7472916666666666 0.09213281250000001 0.19695833333333335
5 0.5095859375 0.8963055555555556 0.0468203125 0.1488888888888889