5 0.501765625 0.34818055555555555 0.031875 0.15880555555555556
2 0.48048437499999996 0.5311805555555555 0.0135703125 0.023319444444444445
4 0.41407812499999996 0.5476388888888889 0.032242187500000005 0.17118055555555556
3 0.748734375 0.5692222222222222 0.0465625 0.16431944444444443
4 0.23888281249999999 0.6030694444444444 0.036109375 0.17216666666666666
3 0.5951953125 0.6121388888888889 0.0507109375 0.16480555555555554
3 0.87096875 0.626125 0.0443671875 0.161375
4 0.4303515625 0.6557916666666667 0.049335937499999996 0.21386111111111109
4 0.3186015625 0.6690555555555556 0.0421640625 0.19129166666666667
3 0.540015625 0.6832638888888889 0.057328124999999994 0.2521111111111111
3 0.506640625 0.7009166666666667 0.0396796875 0.27075
4 0.4544921875 0.7195555555555556 0.057882812500000005 0.2785972222222222
4 0.2281171875 0.7247083333333333 0.050460937500000004 0.18491666666666665
3 0.839515625 0.7472777777777777 0.060929687499999996 0.1986527777777778
5 0.5081953125 0.8960833333333332 0.0506796875 0.15133333333333332