5 0.501515625 0.3485972222222222 0.032328125 0.15718055555555555
2 0.5065234375000001 0.5485416666666667 0.0140390625 0.02838888888888889
4 0.42778124999999995 0.5761388888888889 0.046406249999999996 0.15879166666666666
3 0.7133203124999999 0.5766666666666667 0.061812500000000006 0.15913888888888889
4 0.24506250000000002 0.6107638888888889 0.03259375 0.1695
3 0.86834375 0.6216388888888889 0.03909375 0.15844444444444444
3 0.5976171875 0.6490277777777778 0.04778125 0.16545833333333332
4 0.4313359375 0.6843888888888888 0.0689296875 0.1925138888888889
4 0.340390625 0.7027777777777777 0.0443828125 0.2005
3 0.7720078125 0.7210555555555556 0.0519296875 0.17530555555555555
3 0.5594765625 0.7405555555555556 0.057648437500000003 0.19883333333333333
4 0.20020312499999998 0.7457777777777779 0.07675 0.18050000000000002
3 0.5166015625 0.7480972222222222 0.03315625 0.22308333333333333
3 0.48171875000000003 0.7630694444444444 0.044414062500000004 0.19945833333333335
5 0.507140625 0.8963194444444444 0.060273437500000006 0.14865277777777777