2 0.5700546875 0.19761111111111113 0.013835937500000001 0.02676388888888889
5 0.50203125 0.34788888888888886 0.031796875 0.15952777777777777
4 0.42778906250000004 0.5812638888888889 0.0419375 0.18166666666666667
3 0.6732578124999999 0.5918194444444445 0.06392187499999999 0.162625
4 0.26742187500000003 0.6183194444444444 0.0326796875 0.15181944444444445
3 0.866484375 0.6430277777777778 0.043375000000000004 0.1991666666666667
4 0.44196875 0.6623194444444445 0.036140624999999996 0.21408333333333332
3 0.5923515625 0.6813611111111111 0.039328125000000005 0.18526388888888887
4 0.2733515625 0.7251111111111112 0.0393359375 0.20173611111111112
4 0.33674218749999996 0.7338611111111111 0.045109375 0.2027638888888889
3 0.722765625 0.7444027777777779 0.0355703125 0.21459722222222222
3 0.6188359375 0.7513472222222223 0.050609375 0.22952777777777778
4 0.45128124999999997 0.7735694444444445 0.056406250000000005 0.22591666666666665
3 0.57325 0.7765694444444444 0.0375859375 0.22437500000000002
5 0.5151953125000001 0.8962222222222221 0.0668125 0.15079166666666666