2 0.5816250000000001 0.17768055555555556 0.014124999999999999 0.024444444444444446
5 0.5014609375 0.3476388888888889 0.031484374999999995 0.16056944444444443
3 0.7002890625 0.5824722222222222 0.050937500000000004 0.18275000000000002
4 0.4315546875 0.5830416666666667 0.0460703125 0.18087499999999998
4 0.2632890625 0.6052222222222222 0.03825 0.16131944444444446
3 0.8841953124999999 0.6435833333333333 0.06425 0.19140277777777778
4 0.4542890625 0.6507222222222222 0.032328125 0.19065277777777778
3 0.603625 0.6621944444444444 0.034023437499999996 0.16244444444444445
4 0.315640625 0.7105138888888889 0.0481796875 0.18990277777777775
4 0.2760859375 0.7288888888888888 0.0338046875 0.20043055555555556
3 0.742171875 0.7458611111111111 0.0403671875 0.21470833333333333
3 0.6278359375 0.7620277777777777 0.049875 0.2109583333333333
4 0.4554609375 0.7735 0.041421875000000004 0.22186111111111112
3 0.5891328125 0.7885416666666667 0.046078125 0.22862500000000002
5 0.5148906249999999 0.8953333333333333 0.0706015625 0.15191666666666667