5 0.5022968750000001 0.3528055555555556 0.03128125 0.16319444444444445
2 0.5924921875 0.4099027777777778 0.012531249999999999 0.026166666666666668
3 0.721359375 0.5776249999999999 0.042249999999999996 0.159875
4 0.2535234375 0.5854722222222223 0.066328125 0.13179166666666667
4 0.44260937499999997 0.6175833333333334 0.0467890625 0.16368055555555555
3 0.7501328125 0.6306666666666666 0.0376953125 0.18033333333333335
3 0.6359843749999999 0.6732638888888889 0.049734375 0.18270833333333336
4 0.112625 0.6780138888888889 0.0468125 0.177
3 0.537890625 0.6877638888888888 0.044109375 0.2183888888888889
4 0.46067187499999995 0.7032361111111111 0.0320625 0.20173611111111112
4 0.4695078125 0.7372500000000001 0.021359375 0.22409722222222223
3 0.72215625 0.7615138888888888 0.0813125 0.20697222222222222
3 0.5866015625000001 0.7681805555555556 0.0483984375 0.2526527777777778
4 0.2859140625 0.7750833333333332 0.048671874999999996 0.18841666666666665
5 0.463484375 0.8906944444444443 0.069265625 0.16938888888888887