2 0.2810078125 0.24376388888888886 0.038078125000000004 0.05180555555555555
4 0.3112734375 0.5072361111111111 0.07946875 0.5425277777777778
4 0.2641640625 0.5104027777777778 0.08346875000000001 0.633125
5 0.51290625 0.5204027777777778 0.031484374999999995 0.16875
3 0.45259375 0.5614861111111111 0.08938281249999999 0.5330555555555556
3 0.587109375 0.6657777777777778 0.0645 0.3286805555555556
3 0.7242890625 0.6684166666666667 0.05696875 0.3023472222222222
3 0.45259375 0.6699999999999999 0.06686718750000001 0.3476388888888889
4 0.33999999999999997 0.6736805555555556 0.0585703125 0.2265
4 0.012843750000000001 0.6789583333333333 0.0256796875 0.3486944444444445
3 0.6911015625 0.722138888888889 0.10300781249999999 0.43297222222222226
4 0.15914062499999998 0.6725 0.0682890625 0.26061111111111107