2 0.444515625 0.32480555555555557 0.023203124999999998 0.05275
5 0.741671875 0.33594444444444443 0.0172265625 0.10823611111111112
4 0.577 0.411375 0.026328125 0.06184722222222223
4 0.400171875 0.41155555555555556 0.013093750000000001 0.066625
4 0.43478125 0.4127083333333333 0.0293359375 0.06104166666666667
4 0.5983984375 0.42215277777777777 0.0218984375 0.07815277777777778
3 0.5246484375 0.4274444444444444 0.03421875 0.130125
5 0.2625546875 0.42836111111111114 0.016203125 0.11209722222222221
3 0.6208828125 0.4336388888888889 0.029664062499999998 0.11020833333333332
4 0.536015625 0.4340694444444444 0.024531249999999998 0.13243055555555555
3 0.537953125 0.4720138888888889 0.0527109375 0.11829166666666667
3 0.6178046875 0.4731666666666667 0.034203125 0.141375
3 0.43967968749999997 0.6303055555555556 0.091640625 0.41611111111111115