2 0.4334765625 0.23770833333333335 0.0219921875 0.044055555555555556
5 0.7402421875 0.3534861111111111 0.0180078125 0.10816666666666666
4 0.6257343750000001 0.42 0.0123671875 0.07138888888888889
4 0.576953125 0.42209722222222223 0.0280625 0.06441666666666666
4 0.5903671875 0.42809722222222224 0.015351562499999999 0.0942638888888889
5 0.26240625 0.4445833333333334 0.015742187499999998 0.112625
3 0.5270390625 0.4448888888888889 0.039320312499999996 0.1259861111111111
3 0.5270390625 0.45140277777777776 0.0185390625 0.13295833333333335
3 0.6328671875 0.4534722222222222 0.0272578125 0.1087638888888889
3 0.5504609375 0.48819444444444443 0.0469921875 0.12356944444444444
3 0.613484375 0.49304166666666666 0.0292578125 0.14779166666666665
3 0.4111015625 0.5444027777777778 0.07503125000000001 0.37537499999999996