3 0.5013828124999999 0.34833333333333333 0.0318359375 0.16115277777777773
0 0.472953125 0.5496666666666666 0.013523437499999957 0.02495833333333337
1 0.4111328125 0.5501111111111111 0.03765625000000004 0.17386111111111105
1 0.759140625 0.5741111111111111 0.06692968750000006 0.1575694444444445
1 0.2375703125 0.6017222222222223 0.04403125000000001 0.1648055555555555
1 0.586984375 0.60625 0.03688281250000003 0.16570833333333326
1 0.8715859375000001 0.6293472222222222 0.04935156250000006 0.16390277777777776
1 0.42971875 0.65425 0.039687499999999966 0.2209444444444445
1 0.5314687499999999 0.6680555555555555 0.04657031249999992 0.24856944444444448
1 0.30670312499999997 0.6682916666666667 0.04885156249999998 0.19469444444444436
1 0.5072734375 0.693638888888889 0.03842187500000005 0.2517361111111112
1 0.44155468750000004 0.7056388888888889 0.07660156249999997 0.2784583333333334
1 0.23985937499999999 0.7183194444444445 0.060835937500000006 0.18608333333333335
1 0.8639453125 0.7472916666666666 0.09213281249999987 0.19695833333333326
3 0.5095859375 0.8963055555555556 0.04682031250000005 0.14888888888888896