3 0.501515625 0.3485972222222222 0.03232812500000008 0.15718055555555555
0 0.5065234375000001 0.5485416666666667 0.014039062500000022 0.028388888888888963
1 0.42778124999999995 0.5761388888888889 0.04640625000000007 0.15879166666666672
1 0.7133203124999999 0.5766666666666667 0.061812499999999916 0.15913888888888894
1 0.24506250000000002 0.6107638888888889 0.03259375000000002 0.16949999999999996
1 0.86834375 0.6216388888888889 0.03909374999999997 0.1584444444444445
1 0.5976171875 0.6490277777777778 0.04778125000000007 0.16545833333333332
1 0.4313359375 0.6829305555555555 0.06892968750000002 0.1925138888888889
1 0.340390625 0.7027777777777777 0.04438281250000005 0.2005000000000001
1 0.7720078125 0.7210555555555556 0.05192968750000002 0.1753055555555556
1 0.5594765625 0.7405555555555556 0.05764843749999997 0.19883333333333336
1 0.20020312499999998 0.7457777777777779 0.07675000000000001 0.18050000000000005
1 0.5166015625 0.7480972222222222 0.03315625000000004 0.2230833333333334
1 0.48171875000000003 0.7630694444444444 0.04441406249999993 0.19945833333333327
3 0.507140625 0.8963194444444444 0.06027343750000007 0.14865277777777774