3 0.5010859375 0.3481944444444444 0.03270312499999992 0.1598194444444445
0 0.53809375 0.46125000000000005 0.0140625 0.04341666666666665
1 0.42639843749999995 0.5770416666666667 0.047531249999999935 0.17219444444444448
1 0.6888124999999999 0.5895555555555556 0.04887499999999996 0.16861111111111107
1 0.255484375 0.6154722222222222 0.03482031250000004 0.16324999999999995
1 0.8580390625 0.6288750000000001 0.06558593749999986 0.17337500000000006
1 0.430921875 0.6699861111111111 0.048539062500000084 0.21031944444444453
1 0.5813906249999999 0.6747638888888889 0.051875000000000074 0.17576388888888891
1 0.36941406250000003 0.7277777777777777 0.05289062500000004 0.19720833333333335
1 0.5423515625 0.7319583333333333 0.04082812499999999 0.2663333333333333
1 0.23420312499999998 0.7334444444444445 0.06934375 0.1835138888888888
1 0.7146171875 0.7435694444444445 0.05489843749999999 0.18470833333333334
1 0.5740234375 0.754 0.05589843749999997 0.2127083333333334
1 0.47464843749999996 0.7674027777777778 0.03478906249999998 0.20972222222222223
3 0.5095234375000001 0.8959722222222223 0.05568749999999998 0.1533055555555554