0 0.551984375 0.3206805555555555 0.01183593750000007 0.021902777777777754
3 0.5015 0.34902777777777777 0.03274218750000006 0.1591666666666667
1 0.42307812499999997 0.5776111111111111 0.03956250000000008 0.17441666666666672
1 0.6748359374999999 0.5940416666666667 0.07275781250000009 0.161125
1 0.26480468749999997 0.6120277777777778 0.04110156250000001 0.15643055555555554
1 0.8533515625 0.6439027777777778 0.056265624999999986 0.1857638888888889
1 0.4360546875 0.669125 0.05803124999999998 0.2135277777777778
1 0.576734375 0.6896527777777777 0.03933593749999993 0.17011111111111105
1 0.246109375 0.7316944444444445 0.05473437499999996 0.19005555555555553
1 0.6960703125000001 0.7467499999999999 0.059789062499999976 0.19280555555555548
1 0.364234375 0.7477361111111112 0.0560546875 0.19240277777777773
1 0.5451718750000001 0.7649444444444444 0.04967968749999994 0.2401249999999999
1 0.594765625 0.7676805555555556 0.058249999999999955 0.20961111111111114
1 0.4676171875 0.7715833333333333 0.03449218750000007 0.22604166666666667
3 0.5094140625 0.8959444444444445 0.05340624999999992 0.1525138888888888