3 0.50225 0.3509722222222222 0.030867187499999994 0.16097222222222218
0 0.6161640625 0.44379166666666664 0.011109375000000022 0.03511111111111107
1 0.7542890625 0.574125 0.05310156250000002 0.14580555555555558
1 0.22923437500000002 0.5823333333333333 0.0462890625 0.12986111111111112
1 0.45385156249999997 0.5885972222222222 0.031851562499999986 0.16965277777777774
1 0.6200703125 0.6345555555555555 0.04313281250000003 0.2263888888888889
1 0.8514062499999999 0.6381527777777778 0.07521875000000015 0.1693055555555556
1 0.46666406250000003 0.6711666666666667 0.03985937499999999 0.21798611111111119
1 0.209421875 0.6853611111111112 0.051359375000000006 0.18926388888888895
1 0.5686718749999999 0.7355277777777778 0.04664062500000003 0.19137499999999996
1 0.27966406250000003 0.7462222222222222 0.04378906249999996 0.18613888888888885
1 0.46558593750000005 0.7485138888888888 0.027921875000000006 0.2183333333333334
1 0.7793749999999999 0.7563888888888889 0.053648437499999965 0.2072083333333334
1 0.65540625 0.8283333333333333 0.07711718750000003 0.21774999999999997
3 0.4877734375 0.8950555555555556 0.07427343749999996 0.15540277777777792