3 0.502046875 0.35111111111111115 0.03143750000000001 0.15948611111111113
0 0.6196484375 0.5199583333333333 0.01138281249999995 0.02943055555555563
1 0.7563984375 0.5740416666666667 0.05271093750000002 0.1467777777777777
1 0.22697656249999998 0.5889444444444445 0.05188281249999997 0.15266666666666662
1 0.4519375 0.5993333333333333 0.02419531250000002 0.19112500000000002
1 0.84078125 0.6323472222222222 0.07975781250000011 0.17774999999999994
1 0.6216640625000001 0.6345833333333333 0.04147656249999994 0.21566666666666662
1 0.45896875000000004 0.6737500000000001 0.028304687500000016 0.21612499999999993
1 0.19842187499999997 0.6816249999999999 0.060539062499999984 0.19036111111111104
1 0.557796875 0.7322222222222223 0.05271093750000002 0.1924305555555555
1 0.2769375 0.7475833333333333 0.04798437499999997 0.18458333333333338
1 0.46675000000000005 0.7483472222222222 0.028289062500000028 0.21304166666666657
1 0.7785234375 0.7593333333333334 0.05614843749999991 0.2067083333333333
1 0.6483828125 0.8329305555555556 0.05775000000000006 0.216888888888889
3 0.48567968749999996 0.8939027777777778 0.07825781250000005 0.15959722222222233