3 0.5026328125 0.35236111111111107 0.031640625 0.16099999999999998
0 0.5975234375 0.405375 0.013570312499999914 0.02595833333333341
1 0.7307578125 0.5741805555555556 0.032210937500000016 0.15041666666666662
1 0.256671875 0.5874861111111112 0.06182812499999999 0.125375
1 0.447203125 0.6149861111111111 0.044500000000000026 0.15924999999999995
1 0.762875 0.6303472222222223 0.04174218750000005 0.1793194444444444
1 0.6260234375 0.67025 0.04561718750000008 0.1848194444444445
1 0.54425 0.6743750000000001 0.04458593749999995 0.2169166666666666
1 0.11822656250000001 0.6811944444444444 0.0541484375 0.17904166666666663
1 0.4576015625 0.6985694444444445 0.036093750000000036 0.20059722222222232
1 0.47034374999999995 0.7396944444444445 0.022976562500000065 0.22038888888888897
1 0.72740625 0.7603611111111112 0.07914843749999996 0.20912499999999992
1 0.2793046875 0.7715972222222222 0.05018750000000001 0.19355555555555565
1 0.5895234375 0.7926944444444445 0.05103906249999994 0.20775
3 0.4693515625 0.890361111111111 0.07543749999999996 0.1662777777777778