3 0.5022968750000001 0.35280555555555554 0.03128124999999997 0.1631944444444444
0 0.5924921875 0.4099027777777778 0.012531249999999971 0.02616666666666671
1 0.721359375 0.5776249999999999 0.04224999999999994 0.15987500000000002
1 0.2535234375 0.5854722222222223 0.06632812499999999 0.13179166666666664
1 0.44260937499999997 0.6175833333333334 0.046789062500000075 0.16368055555555558
1 0.7501328125 0.6306666666666666 0.0376953125 0.18033333333333337
1 0.6359843749999999 0.6732638888888889 0.04973437500000007 0.18270833333333328
1 0.112625 0.6780138888888889 0.046812500000000014 0.1769999999999999
1 0.537890625 0.6877638888888888 0.04410937500000003 0.21838888888888883
1 0.46067187499999995 0.7032361111111111 0.03206249999999997 0.20173611111111103
1 0.4695078125 0.7372500000000001 0.021359374999999937 0.22409722222222217
1 0.72215625 0.7615138888888888 0.08131249999999994 0.2069722222222222
1 0.5866015625000001 0.7681805555555556 0.04839843750000004 0.25265277777777784
1 0.2859140625 0.7750833333333332 0.04867187499999996 0.1884166666666667
3 0.463484375 0.8906944444444443 0.06926562500000007 0.16938888888888895