3 0.5024296875 0.354 0.03207031249999996 0.16272222222222218
0 0.5823125 0.45368055555555553 0.013593750000000071 0.02712499999999996
1 0.23844531249999998 0.5832361111111111 0.06589062500000002 0.1486666666666666
1 0.7107890625 0.584486111111111 0.03422656249999996 0.14624999999999994
1 0.42767968749999996 0.6180416666666667 0.05428125000000002 0.15361111111111114
1 0.71596875 0.6381388888888888 0.03781250000000007 0.1749444444444444
1 0.08319531249999998 0.6735138888888889 0.07221874999999998 0.17023611111111117
1 0.6328984375 0.6813472222222222 0.058921875000000054 0.17140277777777774
1 0.4649453125 0.705625 0.025218749999999977 0.24613888888888885
1 0.53071875 0.7107361111111111 0.036218749999999925 0.1983055555555555
1 0.58409375 0.7254305555555555 0.06569531249999994 0.23833333333333329
1 0.47340625000000003 0.7575 0.023953125000000065 0.22502777777777774
1 0.697640625 0.7626111111111111 0.04896875000000005 0.2114166666666667
1 0.2976875 0.7770416666666667 0.05502343749999996 0.18505555555555556
3 0.4529140625 0.8918888888888888 0.055085937499999994 0.16986111111111105