3 0.5020703125 0.35479166666666667 0.031960937500000064 0.16427777777777774
0 0.5702578125 0.5420833333333334 0.01247656250000002 0.027222222222222255
1 0.6974609375 0.5791944444444445 0.027507812500000027 0.12618055555555557
1 0.23290625 0.5831666666666666 0.06034375000000001 0.15191666666666667
1 0.42176562500000003 0.6215138888888889 0.056734375000000045 0.16427777777777774
1 0.695234375 0.6452638888888889 0.04420312499999994 0.18209722222222224
1 0.616328125 0.6685138888888889 0.047273437499999994 0.18902777777777782
1 0.47144531250000005 0.6717361111111111 0.04142187499999998 0.26375000000000004
1 0.0741171875 0.6794027777777777 0.05785156250000001 0.1593333333333333
1 0.5683125 0.6996944444444444 0.05088281250000008 0.24741666666666656
1 0.5350546875 0.7016666666666668 0.03669531250000002 0.2048611111111112
1 0.47131249999999997 0.7128055555555556 0.025 0.3033333333333334
1 0.6797890625 0.7749027777777777 0.04559374999999992 0.20090277777777782
1 0.3079296875 0.7791111111111112 0.03949218749999996 0.19348611111111103
3 0.4536328125 0.8914444444444445 0.053671875000000036 0.17072222222222233