3 0.503296875 0.3543055555555555 0.03156250000000007 0.16163888888888883
0 0.48060937499999995 0.5764722222222223 0.01511718749999993 0.039124999999999945
1 0.2257265625 0.5855138888888889 0.059867187499999995 0.1519999999999999
1 0.688453125 0.5898055555555556 0.035781249999999966 0.1316666666666666
1 0.41313281249999995 0.621375 0.051132812500000034 0.1659166666666667
1 0.693265625 0.647611111111111 0.034578124999999994 0.18624999999999994
1 0.469125 0.6572361111111111 0.043289062500000065 0.23441666666666672
1 0.61046875 0.6644583333333334 0.03878125000000008 0.19320833333333334
1 0.0711328125 0.6783750000000001 0.054140624999999984 0.16430555555555557
1 0.5377734375000001 0.6965833333333333 0.04090624999999992 0.1953472222222222
1 0.4731875 0.6987222222222222 0.022523437499999945 0.2692083333333334
1 0.5698359375 0.7345833333333333 0.03999218750000004 0.1996388888888889
1 0.312734375 0.7838194444444445 0.04481250000000001 0.19213888888888886
1 0.672640625 0.7870277777777778 0.04450781250000002 0.18999999999999995
3 0.4536328125 0.893 0.05204687500000009 0.1707361111111112