3 0.5033671875 0.3556805555555555 0.031640625 0.16386111111111112
1 0.21937500000000001 0.5979444444444444 0.06374218750000002 0.15330555555555556
0 0.3881328125 0.6046527777777778 0.02899218750000001 0.02762499999999998
1 0.6770390625 0.605375 0.05121093749999996 0.14938888888888882
1 0.40075781250000003 0.6317777777777778 0.06442968750000003 0.17011111111111113
1 0.6880390625 0.6526944444444445 0.03757031249999994 0.19631944444444446
1 0.473234375 0.6593472222222222 0.04923437499999998 0.2197777777777778
1 0.6041171875 0.6689305555555556 0.040437499999999994 0.19045833333333326
1 0.482359375 0.6861388888888889 0.047250000000000014 0.25849999999999995
1 0.5401015625000001 0.6863333333333332 0.04350781250000004 0.1634722222222222
1 0.0661640625 0.6865277777777778 0.056937499999999995 0.17480555555555558
1 0.5687031250000001 0.7547777777777779 0.037351562499999956 0.20413888888888893
1 0.6672578125 0.7901666666666666 0.04615624999999994 0.18497222222222232
1 0.3158359375 0.7903611111111111 0.04153906249999997 0.18537500000000004
3 0.456078125 0.8926250000000001 0.05451562499999998 0.1709027777777777