3 0.5038750000000001 0.3545138888888889 0.030773437500000077 0.16049999999999998
1 0.668265625 0.6070972222222223 0.055289062499999986 0.14365277777777788
1 0.2197109375 0.6112222222222222 0.06505468749999999 0.14181944444444447
1 0.40075781250000003 0.6345555555555555 0.06583593749999998 0.16012499999999996
0 0.2873359375 0.655875 0.023570312499999968 0.01963888888888887
1 0.6785546874999999 0.6604027777777778 0.05271093750000002 0.19718055555555558
1 0.46482812500000004 0.6613194444444445 0.051414062499999955 0.20541666666666672
1 0.5928515625 0.6748194444444444 0.04908593749999994 0.1820833333333333
1 0.47113281249999994 0.6867083333333334 0.04085937499999996 0.2671805555555556
1 0.54628125 0.6885416666666667 0.043953124999999996 0.15097222222222229
1 0.0653125 0.6985972222222222 0.047570312499999996 0.17568055555555556
1 0.5698203125 0.7685972222222222 0.03751562499999998 0.1985555555555556
1 0.6669765625 0.7896388888888889 0.043953124999999996 0.1866666666666667
1 0.3180234375 0.7953611111111111 0.037789062500000005 0.17430555555555555
3 0.4572421875 0.8919027777777777 0.05734375000000007 0.1733888888888888