3 0.628703125 0.3585277777777778 0.03831249999999997 0.16276388888888893
1 0.789296875 0.5890277777777778 0.05018749999999992 0.15308333333333338
1 0.5132734375 0.5969444444444445 0.026195312499999977 0.16716666666666669
1 0.33065625 0.6000277777777777 0.034109374999999977 0.1522083333333334
1 0.8187421875 0.6682083333333334 0.03781250000000007 0.1970833333333334
1 0.6778203125 0.6748194444444444 0.033117187500000075 0.2032361111111111
1 0.721859375 0.6774583333333333 0.06229687500000001 0.19355555555555565
0 0.029281249999999998 0.7183611111111111 0.016812499999999998 0.03166666666666661
1 0.1872578125 0.7328749999999999 0.05216406249999998 0.13637500000000008
1 0.577234375 0.7377222222222222 0.046226562500000054 0.21819444444444439
1 0.8017890624999999 0.7597083333333333 0.05735937500000006 0.21643055555555554
1 0.44559375 0.7685138888888889 0.036328125 0.2155555555555556
1 0.587875 0.7709305555555557 0.04375 0.2142361111111111
1 0.7172890625 0.77775 0.03781250000000007 0.2146666666666666
3 0.5766171875 0.8919027777777777 0.04054687500000007 0.17023611111111103