3 0.6931171875000001 0.35644444444444445 0.03247656249999995 0.16056944444444446
1 0.5690859374999999 0.5951527777777778 0.02524999999999995 0.1819722222222222
1 0.852078125 0.5959583333333333 0.04572656250000016 0.18143055555555554
1 0.3943203125 0.6002361111111111 0.024343750000000018 0.16644444444444448
1 0.88128125 0.6609861111111113 0.03849218749999998 0.19588888888888892
1 0.7473124999999999 0.6652638888888889 0.042109375000000074 0.201236111111111
1 0.7790703125 0.666611111111111 0.05203906250000001 0.18143055555555554
1 0.24499218749999999 0.7289583333333334 0.0381875 0.1423611111111111
1 0.6220625 0.7399305555555555 0.05895312500000003 0.2263888888888889
1 0.500140625 0.7476944444444444 0.040898437499999926 0.21087499999999998
1 0.8823281250000001 0.7616111111111111 0.050226562499999974 0.2140833333333334
1 0.63440625 0.7768611111111111 0.06196093749999996 0.20284722222222215
1 0.807515625 0.8105833333333333 0.04389843750000004 0.22745833333333332
3 0.6368125 0.8935277777777778 0.05052343750000006 0.17287500000000003