3 0.6998671875 0.3574166666666666 0.03528906250000006 0.16056944444444446
1 0.8623125 0.5949027777777778 0.04397656249999997 0.18331944444444445
1 0.57540625 0.6001527777777778 0.04287500000000009 0.18604166666666672
1 0.40121874999999996 0.6013888888888889 0.022937499999999965 0.1669444444444445
1 0.8891328125 0.6495833333333333 0.043312500000000045 0.17826388888888892
1 0.7536171875 0.6649583333333333 0.040687499999999946 0.2035555555555555
1 0.7959765625000002 0.6659305555555556 0.04046093750000006 0.1790416666666667
1 0.6237890625 0.7385277777777778 0.054695312499999996 0.2214583333333334
1 0.2541875 0.7413749999999999 0.033218749999999984 0.15080555555555553
1 0.5039296875 0.7443611111111111 0.038718749999999955 0.21133333333333337
1 0.8970156250000001 0.7587638888888888 0.03892968749999994 0.2214583333333334
1 0.63046875 0.7669305555555557 0.04790624999999995 0.1910972222222222
1 0.8196249999999999 0.8040972222222222 0.04353906250000002 0.24052777777777787
3 0.6411796875 0.8929722222222223 0.053054687500000065 0.17072222222222233