3 0.707453125 0.35618055555555556 0.04660156250000007 0.16212500000000002
1 0.8756171875 0.6000833333333333 0.03356250000000003 0.18890277777777775
1 0.4050546875 0.6005277777777778 0.02658593749999998 0.17031944444444444
1 0.573890625 0.6080555555555556 0.04923437499999998 0.18270833333333342
1 0.7664921875 0.6626805555555555 0.049226562499999994 0.2070277777777777
1 0.89378125 0.6655694444444444 0.04450781249999984 0.2110138888888888
1 0.8128984375 0.6695416666666666 0.04150781250000009 0.17738888888888885
1 0.61084375 0.734125 0.04599218749999991 0.21631944444444445
1 0.260859375 0.7431944444444445 0.028335937499999984 0.1530694444444445
1 0.5085703125000001 0.7434166666666666 0.04250781250000006 0.21101388888888897
1 0.9110703125 0.759125 0.055703125000000145 0.22473611111111103
1 0.620296875 0.7673055555555556 0.051460937499999915 0.19686111111111113
1 0.834921875 0.7801388888888889 0.04674218749999994 0.23048611111111117
3 0.6381640625 0.8935555555555555 0.05092968750000004 0.1718194444444445