3 0.7136328125 0.35623611111111114 0.05753906250000007 0.16252777777777774
1 0.5541171874999999 0.607 0.027820312499999923 0.1875833333333334
1 0.4105625 0.6145138888888889 0.040664062499999966 0.17255555555555557
1 0.8792500000000001 0.6147916666666666 0.040625 0.1898055555555555
1 0.7797031249999999 0.6657222222222222 0.040023437500000016 0.21708333333333343
1 0.8956875 0.6673888888888888 0.0453125 0.21151388888888883
1 0.8266562499999999 0.6787916666666667 0.04251562500000006 0.18312499999999995
1 0.598265625 0.7283333333333333 0.05850000000000009 0.20984722222222219
1 0.26465625 0.7344583333333332 0.03626562499999997 0.1742222222222223
1 0.50825 0.7355694444444445 0.03878125000000008 0.20984722222222219
1 0.90978125 0.7475416666666667 0.06676562500000002 0.22598611111111117
1 0.850765625 0.7673055555555556 0.06630468749999992 0.2465833333333333
1 0.6215859375 0.76925 0.041281249999999936 0.20818055555555562
3 0.6301953124999999 0.8914305555555556 0.047226562500000034 0.17088888888888884