0 0.444515625 0.32480555555555557 0.023203125000000036 0.052750000000000026
3 0.741671875 0.33594444444444443 0.017226562499999966 0.10823611111111116
1 0.577 0.411375 0.026328125000000036 0.061847222222222185
1 0.400171875 0.41155555555555556 0.013093749999999993 0.06662500000000003
1 0.43478125 0.4127083333333333 0.029335937499999964 0.06104166666666673
1 0.5983984375 0.42215277777777777 0.02189843749999998 0.07815277777777775
1 0.5246484375 0.4274444444444444 0.034218749999999964 0.13012500000000007
3 0.2625546875 0.42836111111111114 0.016203125000000006 0.11209722222222228
1 0.6208828125 0.4336388888888889 0.029664062500000022 0.11020833333333337
1 0.536015625 0.4340694444444444 0.02453125000000007 0.13243055555555558
1 0.537953125 0.4720138888888889 0.05271093750000002 0.11829166666666661
1 0.6178046875 0.4731666666666667 0.03420312499999998 0.14137499999999995
1 0.43967968749999997 0.6303055555555556 0.09164062499999996 0.41611111111111115