0 0.4393671875 0.22545833333333334 0.023742187500000077 0.04641666666666669
3 0.741046875 0.34168055555555554 0.017515625000000055 0.10799999999999998
1 0.577203125 0.41508333333333336 0.02811718750000001 0.06651388888888887
1 0.40147656249999997 0.4152083333333333 0.013554687499999973 0.07086111111111108
1 0.4315546875 0.41550000000000004 0.03032812499999995 0.06155555555555563
1 0.59728125 0.42170833333333335 0.020203124999999923 0.0862638888888889
3 0.2619140625 0.43112500000000004 0.015351562499999982 0.11297222222222227
1 0.52571875 0.43333333333333335 0.0376953125 0.13061111111111107
1 0.5334765625 0.43819444444444444 0.029171874999999937 0.13438888888888886
1 0.624125 0.44063888888888886 0.03068749999999998 0.10680555555555553
1 0.54609375 0.47579166666666667 0.041640624999999966 0.11870833333333337
1 0.616390625 0.48000000000000004 0.03160937500000003 0.1440972222222222
1 0.4346875 0.6150416666666666 0.08323437499999997 0.3410972222222223