0 0.4334765625 0.23770833333333335 0.021992187500000072 0.044055555555555515
3 0.7402421875 0.3534861111111111 0.018007812499999963 0.10816666666666666
1 0.6257343750000001 0.42 0.012367187499999942 0.07138888888888886
1 0.576953125 0.42209722222222223 0.028062500000000056 0.06441666666666666
1 0.5903671875 0.42809722222222224 0.015351562500000072 0.0942638888888889
3 0.26240625 0.4445833333333334 0.015742187499999984 0.11262500000000004
1 0.5270390625 0.4448888888888889 0.03932031249999994 0.12598611111111116
1 0.5270390625 0.45140277777777776 0.018539062500000016 0.13295833333333335
1 0.6328671875 0.4534722222222222 0.02725781250000008 0.10876388888888881
1 0.5504609375 0.48819444444444443 0.046992187500000074 0.12356944444444448
1 0.613484375 0.49304166666666666 0.029257812500000036 0.14779166666666663
1 0.4111015625 0.5444027777777778 0.07503124999999997 0.37537499999999996