0 0.44760156249999994 0.29436111111111113 0.022859374999999994 0.03238888888888888
3 0.7402109375 0.36438888888888893 0.017249999999999942 0.107125
1 0.575703125 0.429625 0.019242187500000084 0.0595833333333333
1 0.58815625 0.4365833333333333 0.013757812499999921 0.09300000000000005
1 0.63121875 0.4403472222222222 0.016249999999999966 0.08491666666666665
3 0.262296875 0.45204166666666673 0.015789062500000027 0.11591666666666672
1 0.5283125 0.45586111111111116 0.04383593749999992 0.12809722222222225
1 0.523734375 0.4605694444444445 0.02517187500000002 0.13373611111111106
1 0.6326015625 0.4625972222222222 0.025851562499999935 0.10900000000000003
1 0.5638984375 0.49454166666666666 0.0392578125 0.12152777777777778
1 0.6132187499999999 0.5058194444444445 0.02690625000000004 0.15222222222222226
1 0.4144609375 0.51425 0.05489843749999999 0.4003611111111111