0 0.468265625 0.2884305555555555 0.01737500000000001 0.023777777777777783
3 0.7415 0.36745833333333333 0.017882812500000077 0.1086527777777778
1 0.42907812500000003 0.42990277777777774 0.017515625000000055 0.07069444444444441
1 0.576078125 0.437 0.025328125000000055 0.07502777777777775
1 0.415796875 0.4371527777777778 0.015265624999999972 0.08273611111111118
1 0.58728125 0.43777777777777777 0.018906250000000034 0.0944722222222222
1 0.6331171875 0.4380833333333334 0.017843749999999936 0.07594444444444437
3 0.2611484375 0.45648611111111115 0.016273437500000033 0.11513888888888886
1 0.52840625 0.46216666666666667 0.0435546875 0.13090277777777778
1 0.6331953125 0.4660833333333333 0.02495312500000004 0.1094305555555555
1 0.519984375 0.46618055555555554 0.024289062499999937 0.13275000000000006
1 0.5724609375 0.49895833333333334 0.03756249999999994 0.1289305555555556
1 0.614609375 0.5134027777777778 0.027999999999999935 0.1563888888888889
1 0.41328906249999997 0.5778888888888889 0.06783593749999998 0.32272222222222224