1 0.4915625 0.24693055555555554 0.008679687499999922 0.019277777777777772
3 0.84928125 0.346375 0.024203125000000013 0.16219444444444442
1 0.5868828125000001 0.4256111111111111 0.024148437500000064 0.11176388888888893
1 0.3492578125 0.4279166666666667 0.0333046875 0.10713888888888887
1 0.502625 0.4331805555555555 0.03091406249999995 0.10168055555555561
1 0.5725859375 0.43695833333333334 0.018156250000000006 0.13108333333333333
1 0.719703125 0.4428333333333333 0.02595312500000002 0.11595833333333334
1 0.5540234374999999 0.48274999999999996 0.05808593749999993 0.18486111111111114
3 0.1360390625 0.4870833333333333 0.03346093749999999 0.16894444444444442
1 0.43775000000000003 0.4905277777777778 0.04910937499999992 0.18612499999999998
1 0.7100078125 0.49663888888888885 0.052742187499999996 0.14890277777777783
1 0.7515468750000001 0.5543472222222222 0.055078125 0.19494444444444448
1 0.6636015625 0.6048749999999999 0.04737500000000008 0.24219444444444452
1 0.3361328125 0.6637777777777777 0.06452343750000003 0.3468472222222222