5 0.5016328125 0.348125 0.031718750000000004 0.15680555555555556
2 0.44453125 0.4340694444444444 0.013648437499999999 0.02694444444444444
4 0.3943515625 0.5369305555555555 0.042640625 0.15869444444444444
3 0.5711875 0.5894444444444444 0.057984375 0.14990277777777777
3 0.7610390625 0.5942916666666667 0.0660546875 0.11798611111111111
4 0.214875 0.598125 0.0449921875 0.15815277777777778
3 0.8673515625 0.6493472222222222 0.056421874999999996 0.13926388888888888
4 0.2652734375 0.6549027777777777 0.0374375 0.17997222222222223
4 0.4281796875 0.6648472222222223 0.0389921875 0.199875
3 0.5169453125000001 0.6979027777777778 0.031953125 0.21027777777777779
4 0.3978671875 0.7252361111111111 0.053828125000000004 0.2678888888888889
3 0.5110781249999999 0.7277777777777777 0.024171875000000002 0.2720416666666667
4 0.285953125 0.7284722222222222 0.06371875 0.18645833333333334
3 0.8940234374999999 0.7428055555555556 0.0665625 0.1892361111111111
5 0.510375 0.8949444444444444 0.0459296875 0.15270833333333333