5 0.5024375 0.34862499999999996 0.034203125 0.1588611111111111
2 0.453515625 0.4827916666666667 0.01209375 0.025958333333333337
4 0.3987421875 0.5420833333333334 0.0367109375 0.16799999999999998
3 0.7610234375 0.5905277777777778 0.0660078125 0.1285138888888889
3 0.5782734375 0.5938472222222222 0.048875 0.14845833333333333
4 0.22342187500000002 0.6011944444444445 0.047453125 0.16168055555555555
3 0.867890625 0.6442638888888889 0.057257812500000005 0.14625
4 0.2858671875 0.6609861111111112 0.051617187499999995 0.18927777777777777
4 0.430453125 0.6615555555555556 0.035453125 0.20533333333333334
3 0.5184453125 0.6669722222222223 0.035171875000000005 0.24484722222222222
3 0.51096875 0.7049166666666667 0.0326796875 0.29415277777777776
4 0.4123984375 0.7231527777777778 0.049312499999999995 0.2486388888888889
4 0.2738984375 0.7246388888888889 0.046164062500000005 0.1933888888888889
3 0.8858046875 0.7464722222222223 0.079375 0.1844722222222222
5 0.5106171875000001 0.8939722222222222 0.04478125 0.15376388888888887