5 0.5015078125 0.34844444444444445 0.0321953125 0.15808333333333333
2 0.49008593749999996 0.5240555555555555 0.013726562500000001 0.021708333333333333
4 0.41870312500000006 0.563236111111111 0.0293828125 0.1820138888888889
3 0.7327343749999999 0.5658055555555556 0.034390625 0.1608611111111111
4 0.24211718750000003 0.6022638888888889 0.0381640625 0.1669861111111111
3 0.5968515625 0.6231388888888889 0.049421875 0.16754166666666667
3 0.8717499999999999 0.6286944444444444 0.04190625 0.15975
4 0.4332890625 0.6650972222222222 0.06443750000000001 0.20316666666666666
4 0.33196875000000003 0.6812361111111112 0.0481640625 0.19091666666666668
3 0.5118515625 0.7138611111111112 0.032828125 0.2733055555555556
3 0.5508203125 0.7199861111111111 0.054421874999999995 0.2287638888888889
4 0.21770312500000003 0.7291666666666666 0.05632812499999999 0.1881388888888889
4 0.4658203125 0.7443194444444444 0.04409375 0.245875
3 0.8249375000000001 0.7444722222222222 0.0760234375 0.2042777777777778
5 0.5082421874999999 0.8942083333333334 0.053171875 0.15195833333333333