5 0.50178125 0.34820833333333334 0.032960937499999995 0.15868055555555555
2 0.51553125 0.5747638888888889 0.012656249999999999 0.028958333333333336
4 0.42762500000000003 0.5792777777777778 0.0467265625 0.16733333333333333
3 0.7075546875 0.5801944444444445 0.05932031250000001 0.16255555555555556
4 0.24695312500000002 0.6119722222222223 0.034359375 0.16591666666666666
3 0.8650078125 0.6226805555555556 0.0372734375 0.15829166666666666
3 0.5942968750000001 0.6568194444444445 0.0483984375 0.17458333333333334
4 0.4320859375 0.6757361111111111 0.0674375 0.20606944444444444
4 0.3462265625 0.703861111111111 0.0473125 0.19786111111111113
3 0.7539296875 0.7396527777777777 0.0643359375 0.17341666666666666
3 0.5624374999999999 0.7402361111111111 0.05582812499999999 0.20019444444444442
4 0.20274999999999999 0.7425138888888889 0.0791953125 0.1844722222222222
3 0.5179218750000001 0.7477916666666666 0.040999999999999995 0.21841666666666665
4 0.47689062499999996 0.7590972222222222 0.0504375 0.20502777777777778
5 0.508015625 0.8957083333333333 0.06065625 0.14966666666666667