2 0.57575 0.18212499999999998 0.0145546875 0.02551388888888889
5 0.501765625 0.34708333333333335 0.031390625 0.15661111111111112
4 0.43099999999999994 0.5830972222222222 0.046234375 0.18080555555555555
3 0.6911875000000001 0.5890277777777778 0.0499375 0.17156944444444444
4 0.2657109375 0.6110277777777777 0.0358515625 0.15661111111111112
3 0.8725625000000001 0.6389583333333333 0.0435 0.1904722222222222
4 0.4506640625 0.6609583333333333 0.0326171875 0.2159861111111111
3 0.5980234375 0.6754722222222221 0.0373203125 0.18431944444444445
4 0.3208828125 0.7236388888888888 0.0432578125 0.2023611111111111
4 0.273625 0.7271666666666666 0.037828125000000004 0.19883333333333333
3 0.7307812499999999 0.7438750000000001 0.0489609375 0.21819444444444444
3 0.625609375 0.7583888888888889 0.05142187499999999 0.21906944444444443
4 0.455359375 0.7724722222222221 0.042007812500000005 0.22083333333333333
3 0.5856484375 0.7808333333333334 0.0482109375 0.22611111111111112
5 0.515125 0.8958611111111111 0.0675078125 0.1500138888888889