2 0.5971015625 0.23172222222222222 0.0128125 0.02425
5 0.5021015625 0.3499027777777778 0.031070312500000002 0.16056944444444443
3 0.7220078125 0.5646666666666667 0.034546875 0.17370833333333333
4 0.43872656250000003 0.583861111111111 0.04915625 0.17908333333333332
4 0.249921875 0.5995416666666666 0.0340859375 0.1683472222222222
3 0.8892265625 0.6494583333333334 0.07097656249999999 0.17494444444444443
4 0.4613515625 0.6550277777777778 0.035921875 0.19022222222222224
3 0.6187265625 0.6688611111111111 0.0382578125 0.1865
4 0.28288281249999997 0.701861111111111 0.050335937500000004 0.19888888888888887
4 0.2798671875 0.737763888888889 0.0364140625 0.19805555555555554
3 0.6114140625 0.7495277777777777 0.053804687500000004 0.2108472222222222
3 0.7701640624999999 0.7557083333333333 0.0719140625 0.21331944444444445
4 0.45219531249999995 0.764375 0.0394140625 0.2232222222222222
3 0.6324140625 0.8025416666666667 0.062382812499999996 0.2302361111111111
5 0.504421875 0.8960833333333332 0.0725078125 0.14740277777777777