5 0.503296875 0.35430555555555554 0.0315625 0.1616388888888889
2 0.48060937499999995 0.5764722222222223 0.0151171875 0.039125
4 0.2257265625 0.5855138888888889 0.059867187499999995 0.152
3 0.688453125 0.5898055555555556 0.03578125 0.13166666666666665
4 0.41313281249999995 0.621375 0.0511328125 0.16591666666666666
3 0.693265625 0.647611111111111 0.034578125 0.18625
4 0.469125 0.6572361111111111 0.043289062499999996 0.23441666666666666
3 0.61046875 0.6644583333333334 0.03878125 0.19320833333333334
4 0.0711328125 0.6783750000000001 0.054140625 0.16430555555555554
3 0.5377734375000001 0.6965833333333333 0.04090625 0.19534722222222223
4 0.4731875 0.6987222222222222 0.0225234375 0.2692083333333333
3 0.5698359375 0.7345833333333333 0.0399921875 0.1996388888888889
4 0.312734375 0.7838194444444445 0.0448125 0.1921388888888889
3 0.672640625 0.7870277777777778 0.0445078125 0.19
5 0.4536328125 0.893 0.052046875000000006 0.17073611111111112