5 0.5062890624999999 0.3558888888888889 0.031507812499999996 0.16155555555555554
3 0.6689140625000001 0.6111805555555556 0.053476562500000005 0.15083333333333332
4 0.2231015625 0.6127222222222223 0.0656015625 0.13422222222222221
4 0.403015625 0.6298611111111111 0.06503125 0.1677361111111111
3 0.6806875 0.6701805555555556 0.055078125 0.17843055555555556
3 0.596375 0.6782638888888889 0.0336640625 0.17747222222222223
3 0.5499453125 0.7025277777777778 0.043578125 0.174625
4 0.0655 0.7049444444444445 0.039390625 0.16155555555555554
4 0.46547656249999997 0.706125 0.0396171875 0.2880138888888889
4 0.4618515625 0.7082777777777778 0.0541328125 0.22856944444444444
2 0.1843046875 0.7225416666666666 0.0182734375 0.030055555555555558
3 0.5722890625 0.7712916666666667 0.0416953125 0.19412500000000002
3 0.67025 0.7860416666666667 0.040625 0.19508333333333333
4 0.323765625 0.79425 0.039773437499999995 0.17493055555555556
5 0.4605546875 0.8924444444444444 0.058320312500000006 0.16927777777777778