5 0.5515625 0.3570138888888889 0.0398125 0.16011111111111112
3 0.7129453125 0.5942638888888889 0.054156249999999996 0.13626388888888888
4 0.2598984375 0.6063055555555555 0.0486015625 0.14445833333333333
4 0.43962500000000004 0.6091388888888889 0.0498984375 0.19230555555555556
3 0.7284765625 0.6720694444444444 0.0575546875 0.17738888888888887
3 0.636421875 0.6748055555555555 0.04890625 0.181
3 0.5955 0.6962083333333333 0.0390390625 0.1915972222222222
4 0.1074140625 0.7176805555555555 0.0527734375 0.13033333333333333
4 0.50484375 0.7319861111111111 0.0400703125 0.1867916666666667
3 0.6244921875 0.7618333333333334 0.051375000000000004 0.2095138888888889
3 0.7170234375 0.7696388888888889 0.0414609375 0.22415277777777776
4 0.5217968749999999 0.7754583333333334 0.0304921875 0.21118055555555557
4 0.3728203125 0.7823611111111111 0.041875 0.19920833333333335
2 0.055781250000000004 0.8352222222222222 0.014671875000000001 0.028958333333333336
5 0.500578125 0.8950833333333333 0.0506796875 0.1688472222222222