5 0.5908828125000001 0.35816666666666663 0.040453125 0.16404166666666667
3 0.7505703125000001 0.5928333333333333 0.050703125 0.14581944444444445
4 0.47707812499999996 0.5973888888888889 0.036351562500000004 0.17954166666666668
4 0.2966328125 0.6046805555555556 0.0419921875 0.14672222222222223
3 0.774921875 0.6719027777777777 0.045578125000000004 0.18455555555555556
3 0.6713671875 0.6821527777777777 0.0312265625 0.1995833333333333
3 0.637796875 0.6851111111111111 0.036875000000000005 0.20004166666666667
4 0.15039843749999998 0.7293055555555555 0.0545546875 0.14080555555555554
4 0.5415390625 0.7359166666666667 0.0396796875 0.2005
3 0.7604375 0.7657638888888889 0.046859374999999995 0.22555555555555556
2 0.0440703125 0.76975 0.013609375000000002 0.025555555555555554
3 0.671109375 0.769861111111111 0.0501953125 0.22191666666666668
4 0.5571796875 0.7728333333333334 0.033015625 0.20869444444444443
4 0.411203125 0.7744305555555556 0.043015625 0.20641666666666666
5 0.5408984375 0.893125 0.0522421875 0.16951388888888888