5 0.628703125 0.3585277777777778 0.0383125 0.16276388888888887
3 0.789296875 0.5890277777777778 0.050187499999999996 0.15308333333333332
4 0.5132734375 0.5969444444444445 0.0261953125 0.16716666666666666
4 0.33065625 0.6000277777777777 0.034109375 0.15220833333333333
3 0.8187421875 0.6682083333333334 0.0378125 0.19708333333333333
3 0.6778203125 0.6748194444444444 0.0331171875 0.20323611111111112
3 0.721859375 0.6774583333333333 0.062296874999999995 0.19355555555555556
2 0.029281249999999998 0.7183611111111111 0.0168125 0.03166666666666667
4 0.1872578125 0.7328749999999999 0.0521640625 0.136375
4 0.577234375 0.7377222222222222 0.0462265625 0.21819444444444444
3 0.8017890624999999 0.7597083333333333 0.057359375000000004 0.21643055555555557
4 0.4464140625 0.7670555555555555 0.036328125 0.21555555555555553
4 0.587875 0.7709305555555557 0.04375 0.2142361111111111
3 0.7172890625 0.77775 0.0378125 0.21466666666666667
5 0.5766171875 0.8919027777777777 0.040546874999999996 0.1702361111111111