5 0.6931171875000001 0.35644444444444445 0.0324765625 0.16056944444444443
4 0.5690859374999999 0.5951527777777778 0.02525 0.18197222222222223
3 0.852078125 0.5959583333333333 0.0457265625 0.18143055555555554
4 0.3943203125 0.6002361111111111 0.02434375 0.16644444444444445
3 0.88128125 0.6609861111111112 0.038492187500000004 0.1958888888888889
3 0.7473124999999999 0.6652638888888889 0.042109375 0.2012361111111111
3 0.7790703125 0.666611111111111 0.0520390625 0.18143055555555554
4 0.2466328125 0.7289583333333334 0.0381875 0.1423611111111111
4 0.6212421875 0.7413888888888889 0.058953124999999995 0.2263888888888889
4 0.500140625 0.7476944444444444 0.0408984375 0.210875
3 0.8823281250000001 0.7616111111111111 0.0502265625 0.21408333333333332
4 0.63440625 0.7768611111111111 0.0619609375 0.20284722222222223
3 0.807515625 0.8105833333333333 0.0438984375 0.22745833333333335
5 0.6368125 0.8935277777777778 0.050523437500000004 0.172875