5 0.6998671875 0.3574166666666666 0.0352890625 0.16056944444444443
3 0.8623125 0.5949027777777778 0.0439765625 0.18331944444444445
4 0.57540625 0.6001527777777778 0.042875 0.18604166666666666
4 0.40121874999999996 0.6013888888888889 0.0229375 0.16694444444444445
3 0.8891328125 0.6495833333333333 0.0433125 0.1782638888888889
3 0.7536171875 0.6649583333333333 0.0406875 0.20355555555555555
3 0.7959765625 0.6659305555555556 0.0404609375 0.17904166666666665
4 0.6237890625 0.7385277777777778 0.0546953125 0.2214583333333333
4 0.2541875 0.7413749999999999 0.033218750000000005 0.15080555555555555
4 0.50475 0.7443611111111111 0.03871875 0.21133333333333332
3 0.8970156250000001 0.7587638888888888 0.0389296875 0.2214583333333333
4 0.63046875 0.7669305555555557 0.04790625 0.19109722222222222
3 0.8196249999999999 0.8040972222222222 0.043539062499999996 0.24052777777777778
5 0.6411796875 0.8929722222222223 0.053054687499999996 0.17072222222222222