5 0.7416406249999999 0.33018055555555553 0.017687500000000002 0.10879166666666666
4 0.39753125 0.40547222222222223 0.013468749999999998 0.07115277777777777
4 0.431859375 0.40919444444444447 0.032296875 0.06369444444444444
4 0.5777265625 0.4095 0.02878125 0.06390277777777778
4 0.599890625 0.4170555555555555 0.0243515625 0.08102777777777778
3 0.5239296875 0.4234027777777778 0.0329765625 0.12880555555555556
5 0.2621953125 0.4242916666666667 0.0153671875 0.11333333333333333
3 0.5338671875000001 0.4306944444444445 0.029406250000000002 0.13259722222222223
3 0.5351874999999999 0.46794444444444444 0.05128125 0.11820833333333333
3 0.617890625 0.4710972222222222 0.034335937500000004 0.13943055555555556
3 0.42228125 0.7227638888888889 0.0734921875 0.46222222222222226