2 0.44186718750000004 0.26355555555555554 0.023890625 0.04834722222222222
5 0.7408046875000001 0.33861111111111114 0.0175546875 0.10845833333333334
4 0.5768984374999999 0.4128055555555556 0.026218750000000002 0.06252777777777778
4 0.399765625 0.4136944444444445 0.0151171875 0.06831944444444445
4 0.4355390625 0.4138611111111111 0.0270859375 0.06270833333333334
4 0.598125 0.42220833333333335 0.0208515625 0.08183333333333334
3 0.5251640625 0.4296111111111111 0.0359296875 0.13016666666666665
5 0.2623203125 0.42969444444444443 0.01584375 0.11355555555555556
3 0.5332656250000001 0.43593055555555554 0.030046875 0.1343888888888889
4 0.6216953125 0.43769444444444444 0.028335937500000002 0.10840277777777778
3 0.5405234375 0.4744305555555555 0.05011718750000001 0.11938888888888888
3 0.616296875 0.4759722222222222 0.032234374999999996 0.14281944444444444
3 0.43813281249999997 0.6070833333333334 0.08638281249999999 0.352875