2 0.431796875 0.2796388888888889 0.0216640625 0.044180555555555556
5 0.739578125 0.3587916666666666 0.017695312499999998 0.10638888888888888
4 0.5785546874999999 0.423375 0.02240625 0.059555555555555556
4 0.6282890625 0.42350000000000004 0.013765625 0.06901388888888889
4 0.5895546875 0.4330833333333333 0.015070312499999999 0.09533333333333334
5 0.262609375 0.44776388888888885 0.015484375 0.11408333333333333
3 0.5266796874999999 0.4509722222222222 0.039625 0.1277361111111111
3 0.5281328125 0.4563055555555556 0.027984375 0.13065277777777776
3 0.63290625 0.4584166666666667 0.0265078125 0.10704166666666666
3 0.5563359375 0.4899444444444444 0.045453125 0.11901388888888889
3 0.612625 0.49819444444444444 0.0270625 0.14908333333333335
3 0.4118984375 0.5416527777777778 0.0648125 0.35644444444444445