2 0.49563281249999996 0.2866388888888889 0.008734374999999999 0.022652777777777775
5 0.8399140624999999 0.3488472222222222 0.024390625 0.15354166666666666
4 0.5904453125 0.4225833333333333 0.0249375 0.11447222222222223
4 0.3636640625 0.4278194444444444 0.02315625 0.0948611111111111
4 0.573171875 0.43494444444444447 0.020835937500000002 0.13041666666666668
4 0.503953125 0.4351388888888889 0.032265625 0.09652777777777778
4 0.712125 0.445125 0.027242187499999997 0.11758333333333333
3 0.556625 0.4812916666666666 0.049570312500000005 0.17683333333333331
5 0.1466484375 0.48491666666666666 0.0327890625 0.16333333333333333
3 0.44236718750000004 0.48619444444444443 0.0513359375 0.1834722222222222
3 0.7030703125 0.49086111111111114 0.0432578125 0.1465138888888889
3 0.736 0.5477777777777777 0.0524296875 0.190375
3 0.6594921874999999 0.5937361111111111 0.041671875000000004 0.2328333333333333
3 0.34215625 0.6603472222222222 0.06836718750000001 0.356