2 0.4915625 0.24693055555555554 0.0086796875 0.01927777777777778
5 0.84928125 0.346375 0.024203125 0.16219444444444445
4 0.5868828125000001 0.4256111111111111 0.0241484375 0.11176388888888888
4 0.3492578125 0.4279166666666667 0.0333046875 0.1071388888888889
4 0.502625 0.4331805555555555 0.0309140625 0.10168055555555555
4 0.5725859375 0.43695833333333334 0.01815625 0.13108333333333333
4 0.719703125 0.4428333333333333 0.025953125 0.11595833333333333
3 0.5540234374999999 0.48274999999999996 0.0580859375 0.18486111111111111
5 0.1360390625 0.4870833333333333 0.033460937499999996 0.16894444444444445
3 0.43775000000000003 0.4905277777777778 0.049109375 0.18612499999999998
3 0.7100078125 0.49663888888888885 0.0527421875 0.14890277777777777
3 0.7515468750000001 0.5543472222222222 0.055078125 0.19494444444444448
3 0.6636015625 0.6048749999999999 0.047375 0.24219444444444443
3 0.3361328125 0.6637777777777778 0.0645234375 0.3468472222222222