2 0.4834296875 0.18545833333333334 0.0101640625 0.02061111111111111
5 0.8639765625000001 0.3475138888888889 0.0244375 0.16494444444444445
4 0.7338359375 0.42786111111111114 0.027523437499999998 0.09495833333333334
4 0.5795546875 0.42915277777777777 0.0389296875 0.112
4 0.496953125 0.4322361111111111 0.0240625 0.10580555555555557
4 0.334671875 0.43276388888888884 0.038578125000000005 0.116125
3 0.559671875 0.43766666666666665 0.027023437500000004 0.10322222222222222
3 0.551390625 0.4856666666666667 0.066734375 0.2033472222222222
4 0.44934375 0.48591666666666666 0.0374921875 0.15637500000000001
3 0.42916406250000005 0.49469444444444444 0.0475625 0.1852777777777778
5 0.119125 0.49588888888888893 0.032890625 0.17875
3 0.71990625 0.5042361111111111 0.05596875 0.15380555555555556
3 0.7768046875 0.5762361111111111 0.06351562499999999 0.20902777777777778
3 0.6757734375 0.6198472222222222 0.0652578125 0.24669444444444444
3 0.354828125 0.6577777777777778 0.0713828125 0.32940277777777777