3 0.5014921875 0.34756944444444443 0.03179687500000004 0.1574861111111111
0 0.546046875 0.3846805555555556 0.01171875 0.03283333333333331
1 0.42386718749999996 0.5784305555555556 0.04345312499999991 0.17344444444444443
1 0.6831015625 0.5916111111111111 0.06960156249999994 0.16494444444444442
1 0.2596796875 0.6106111111111111 0.03692187499999999 0.1528749999999999
1 0.859234375 0.6327361111111112 0.06632812500000007 0.16673611111111114
1 0.432421875 0.6678194444444444 0.050999999999999976 0.2136666666666667
1 0.5812734374999999 0.6870416666666667 0.05602343750000003 0.1761250000000001
1 0.2396953125 0.7342083333333334 0.06684375000000005 0.1872916666666666
1 0.3694375 0.743375 0.05427343750000002 0.20026388888888896
1 0.699328125 0.743375 0.06583593749999998 0.1868472222222222
1 0.5424296875 0.7536527777777777 0.04119531250000001 0.23869444444444438
1 0.5846640625 0.7637083333333333 0.06180468749999992 0.21590277777777783
1 0.47164062500000004 0.7681805555555556 0.028867187500000037 0.21858333333333324
3 0.5099218750000001 0.8964027777777778 0.054007812500000085 0.15130555555555564