0 0.5816250000000001 0.17768055555555556 0.014124999999999943 0.024444444444444456
3 0.5014609375 0.3476388888888889 0.03148437499999997 0.16056944444444446
1 0.7002890625 0.5824722222222222 0.05093750000000004 0.18275000000000005
1 0.4315546875 0.5830416666666667 0.04607031250000002 0.18087500000000004
1 0.2632890625 0.6052222222222222 0.03825000000000003 0.1613194444444444
1 0.8841953124999999 0.6435833333333333 0.06424999999999984 0.1914027777777777
1 0.4542890625 0.6507222222222222 0.03232812500000008 0.19065277777777775
1 0.603625 0.6621944444444444 0.03402343749999996 0.1624444444444445
1 0.315640625 0.7105138888888888 0.04817968749999997 0.18990277777777773
1 0.2760859375 0.7274305555555556 0.033804687499999986 0.20043055555555547
1 0.742171875 0.7458611111111111 0.040367187500000054 0.2147083333333333
1 0.6278359375 0.7620277777777777 0.04987499999999993 0.2109583333333334
1 0.4554609375 0.7735 0.04142187499999998 0.22186111111111112
1 0.5891328125 0.7885416666666667 0.04607812500000001 0.2286250000000001
3 0.5148906249999999 0.8953333333333333 0.07060156249999991 0.1519166666666665