0 0.5971015625 0.23172222222222222 0.01281250000000007 0.024249999999999973
3 0.5021015625 0.3499027777777778 0.031070312499999985 0.16056944444444446
1 0.7220078125 0.5646666666666667 0.03454687500000002 0.1737083333333334
1 0.43872656250000003 0.583861111111111 0.049156250000000054 0.1790833333333334
1 0.249921875 0.5995416666666666 0.034085937499999996 0.16834722222222226
1 0.8892265625 0.6494583333333334 0.07097656249999992 0.17494444444444449
1 0.4613515625 0.6550277777777778 0.03592187500000001 0.19022222222222226
1 0.6187265625 0.6688611111111111 0.03825781250000002 0.18650000000000005
1 0.28288281249999997 0.701861111111111 0.05033593749999996 0.19888888888888878
1 0.2798671875 0.737763888888889 0.03641406250000001 0.1980555555555555
1 0.6114140625 0.7495277777777777 0.053804687500000094 0.21084722222222216
1 0.7701640624999999 0.7557083333333333 0.07191406250000006 0.21331944444444442
1 0.45219531249999995 0.764375 0.039414062500000034 0.22322222222222227
1 0.6324140625 0.8025416666666667 0.062382812499999926 0.23023611111111109
3 0.504421875 0.8960833333333332 0.07250781249999996 0.1474027777777776