3 0.5022734375 0.35241666666666666 0.03173437499999991 0.16162500000000002
0 0.6024296875 0.41108333333333336 0.014093749999999971 0.02272222222222224
1 0.7417265625 0.5725833333333333 0.03571875000000002 0.14652777777777778
1 0.25753906249999997 0.5831388888888889 0.05889843749999999 0.1356111111111111
1 0.453890625 0.6125 0.037374999999999936 0.16681944444444446
1 0.7768281250000001 0.6235833333333334 0.06096875000000006 0.18077777777777781
1 0.5499140625 0.6745833333333332 0.05027343749999993 0.21730555555555553
1 0.620234375 0.677625 0.04021093750000002 0.1967638888888889
1 0.1293203125 0.6801111111111111 0.052000000000000005 0.1846527777777777
1 0.4560859375 0.697388888888889 0.03967187499999998 0.19840277777777773
1 0.46778125 0.7460694444444443 0.025453124999999945 0.20880555555555552
1 0.7419374999999999 0.7594444444444444 0.05198437499999997 0.21350000000000005
1 0.2768671875 0.7637083333333333 0.04823437500000001 0.1913472222222222
1 0.60396875 0.7988333333333333 0.054335937499999966 0.2039861111111112
3 0.4721796875 0.8905972222222223 0.07687500000000007 0.1686805555555556