3 0.5908828125000001 0.35816666666666663 0.04045312499999998 0.1640416666666667
1 0.7505703125000001 0.5928333333333333 0.05070312500000007 0.14581944444444445
1 0.47707812499999996 0.5973888888888889 0.036351562499999976 0.17954166666666665
1 0.2966328125 0.6046805555555556 0.0419921875 0.1467222222222222
1 0.774921875 0.6719027777777777 0.045578124999999935 0.18455555555555564
1 0.6713671875 0.6821527777777777 0.03122656250000002 0.1995833333333334
1 0.637796875 0.6851111111111111 0.03687500000000003 0.20004166666666662
1 0.15039843749999998 0.7293055555555555 0.05455468749999999 0.14080555555555546
1 0.5415390625 0.7359166666666667 0.03967968749999997 0.20049999999999993
1 0.7604375 0.7657638888888889 0.046859375000000016 0.2255555555555556
0 0.0440703125 0.76975 0.013609375000000007 0.025555555555555682
1 0.671109375 0.769861111111111 0.0501953125 0.22191666666666662
1 0.5571796875 0.7728333333333334 0.03301562499999999 0.20869444444444443
1 0.411203125 0.7744305555555556 0.04301562499999996 0.20641666666666675
3 0.5408984375 0.893125 0.05224218750000009 0.16951388888888883