3 0.6592578125 0.3505972222222222 0.037070312500000036 0.1522083333333334
1 0.816546875 0.5959861111111111 0.044500000000000026 0.17402777777777773
1 0.359609375 0.5976111111111111 0.03757812500000002 0.15265277777777772
1 0.540125 0.5998055555555556 0.029906249999999978 0.16672222222222216
1 0.710484375 0.6686527777777778 0.04202343749999997 0.2085138888888889
1 0.8460546875 0.6764444444444445 0.03825000000000003 0.21791666666666665
1 0.7417734375 0.6770138888888889 0.054601562500000075 0.19531944444444443
0 0.005828125 0.6793472222222222 0.01165625 0.03522222222222224
1 0.21374218749999999 0.7289166666666668 0.042289062499999995 0.13812500000000005
1 0.5977734375 0.7377222222222222 0.05710937499999993 0.21995833333333342
1 0.8399531250000001 0.7596805555555556 0.06860937500000013 0.213875
1 0.4724375 0.760375 0.03953906249999992 0.2151111111111112
1 0.60853125 0.7715972222222222 0.05339843749999993 0.21202777777777781
1 0.7623515624999999 0.7790972222222223 0.05072656250000005 0.21841666666666665
3 0.6038281249999999 0.893 0.045476562500000026 0.1759583333333334