3 0.713328125 0.35654166666666665 0.05513281249999995 0.16144444444444445
1 0.559671875 0.6072916666666667 0.03139062500000005 0.18608333333333335
1 0.408234375 0.6112500000000001 0.03682812500000003 0.17288888888888893
1 0.87615625 0.6141111111111112 0.038812499999999875 0.19179166666666672
1 0.7774296875 0.6649166666666667 0.03931249999999995 0.21334722222222233
1 0.8955781249999999 0.6671111111111111 0.044992187500000114 0.21511111111111111
1 0.8212187500000001 0.6754722222222221 0.04623437499999996 0.17552777777777778
1 0.262734375 0.736625 0.036835937499999985 0.16584722222222226
1 0.5094375 0.7381527777777778 0.041281249999999936 0.21115277777777774
1 0.604578125 0.7394722222222222 0.06578125000000004 0.22875000000000006
1 0.911296875 0.7517916666666666 0.0661015625000001 0.22523611111111114
1 0.6225234375 0.7665277777777777 0.04227343749999992 0.2001527777777777
1 0.8458359375000001 0.7685138888888889 0.05885156249999994 0.24019444444444452
3 0.6314296875000001 0.893888888888889 0.049203125000000014 0.17508333333333326