3 0.741515625 0.33006944444444447 0.017921875000000042 0.10683333333333335
1 0.39635937499999996 0.4049861111111111 0.014804687499999991 0.07256944444444445
1 0.5772890625 0.4086527777777778 0.02703124999999993 0.06400000000000006
1 0.4325859375 0.4101111111111111 0.03267968749999994 0.06566666666666662
1 0.6002265625 0.4174305555555556 0.02443749999999998 0.0790555555555555
1 0.5228671874999999 0.42283333333333334 0.030945312499999923 0.12948611111111114
3 0.2620625 0.4259583333333333 0.015890625000000026 0.11393055555555552
1 0.53421875 0.4301111111111111 0.028109375000000013 0.13262500000000002
1 0.5345 0.46704166666666663 0.05053125000000005 0.11727777777777786
1 0.61846875 0.46852777777777777 0.03495312500000001 0.14347222222222217
1 0.4178125 0.7509305555555555 0.07544531249999994 0.498138888888889