3 0.7416406249999999 0.33018055555555553 0.017687500000000078 0.10879166666666665
1 0.39671093749999997 0.40547222222222223 0.013468749999999963 0.0711527777777778
1 0.431859375 0.40919444444444447 0.03229687499999993 0.06369444444444447
1 0.5777265625 0.4095 0.028781249999999935 0.06390277777777777
1 0.599890625 0.4170555555555555 0.024351562500000055 0.08102777777777782
1 0.5239296875 0.4234027777777778 0.03297656250000003 0.12880555555555556
3 0.2621953125 0.4242916666666667 0.015367187499999968 0.11333333333333337
1 0.5338671875000001 0.4306944444444445 0.029406250000000078 0.13259722222222226
1 0.5351874999999999 0.46794444444444444 0.05128125000000008 0.11820833333333335
1 0.617890625 0.4710972222222222 0.03433593750000004 0.13943055555555553
1 0.42228125 0.7227638888888889 0.07349218749999994 0.46222222222222215