3 0.7419765625 0.33343055555555556 0.01743749999999995 0.10798611111111112
0 0.44760156249999994 0.4082916666666667 0.021179687499999923 0.05184722222222228
1 0.3982890625 0.4093194444444444 0.012992187499999997 0.06695833333333338
1 0.5776953125000001 0.4095972222222223 0.02746093750000007 0.06416666666666673
1 0.43317187500000004 0.41015277777777776 0.027992187499999942 0.05483333333333336
1 0.5997265625 0.41620833333333335 0.023890624999999943 0.0856111111111111
3 0.262171875 0.4254722222222222 0.015742187499999984 0.11293055555555563
1 0.5220546875000001 0.42590277777777774 0.028968749999999942 0.13074999999999998
1 0.5347890625 0.43159722222222224 0.027585937499999956 0.13455555555555554
1 0.5364687499999999 0.46970833333333334 0.053828125000000074 0.1158333333333333
1 0.617796875 0.4717361111111111 0.03368749999999991 0.14269444444444446
1 0.434953125 0.6616944444444445 0.08533593750000001 0.44836111111111115