0 0.4371484375 0.2085138888888889 0.02405468749999997 0.04223611111111115
3 0.740671875 0.34505555555555556 0.01735937500000002 0.10754166666666663
1 0.40304687499999997 0.409375 0.01399218750000002 0.06283333333333335
1 0.4364921875 0.4124027777777778 0.034523437500000045 0.053069444444444495
1 0.577359375 0.4184583333333334 0.029039062500000056 0.06702777777777777
1 0.5933984375 0.42136111111111113 0.01765624999999993 0.09145833333333336
3 0.2620234375 0.43455555555555553 0.015062499999999979 0.11081944444444439
1 0.525390625 0.43595833333333334 0.038046875000000036 0.1277083333333334
1 0.5331406249999999 0.44208333333333333 0.029773437499999923 0.13322222222222216
1 0.6288359375 0.4437638888888889 0.026500000000000058 0.10841666666666659
1 0.5470937499999999 0.4792916666666666 0.04389062500000005 0.12005555555555547
1 0.6157421875 0.4825138888888889 0.03063281250000003 0.14486111111111105
1 0.4321484375 0.5962222222222222 0.08230468749999997 0.36480555555555566