0 0.431796875 0.2796388888888889 0.021664062500000015 0.044180555555555556
3 0.739578125 0.3587916666666666 0.01769531250000007 0.10638888888888892
1 0.5785546874999999 0.423375 0.02240625000000005 0.05955555555555555
1 0.6282890625 0.42350000000000004 0.013765624999999915 0.0690138888888888
1 0.5895546875 0.4330833333333333 0.015070312499999971 0.09533333333333331
3 0.262609375 0.44776388888888885 0.01548437500000004 0.11408333333333331
1 0.5266796874999999 0.4509722222222222 0.03962500000000002 0.12773611111111116
1 0.5281328125 0.4563055555555556 0.02798437499999995 0.13065277777777784
1 0.63290625 0.4584166666666667 0.02650781250000005 0.10704166666666673
1 0.5563359375 0.4899444444444444 0.04545312500000005 0.11901388888888896
1 0.612625 0.49819444444444444 0.02706250000000008 0.14908333333333337
1 0.4118984375 0.5416527777777778 0.06481250000000002 0.35644444444444434