3 0.7867890625 0.36656944444444445 0.020320312499999993 0.12669444444444447
0 0.5079140625 0.3961111111111111 0.006546875000000086 0.0125
1 0.4036328125 0.43404166666666666 0.031874999999999966 0.09230555555555561
1 0.5953203125 0.43966666666666665 0.02475000000000005 0.09433333333333328
1 0.581078125 0.44193055555555555 0.030406250000000058 0.11058333333333334
1 0.512578125 0.44593055555555555 0.037351562499999956 0.07380555555555554
1 0.45178124999999997 0.47102777777777777 0.021554687499999937 0.11695833333333339
1 0.549 0.4761805555555556 0.04597656249999993 0.1470833333333333
3 0.2137578125 0.4781111111111111 0.026820312500000033 0.13505555555555557
1 0.4789296875 0.48337499999999994 0.044632812500000084 0.1534861111111111
1 0.6691328125 0.4858055555555555 0.04087499999999995 0.12156944444444441
1 0.6656640625 0.5227638888888889 0.030226562500000043 0.15983333333333338
1 0.6423203125 0.5530833333333334 0.03533593750000001 0.19127777777777782
1 0.36825 0.65425 0.06765624999999997 0.32927777777777784