3 0.8115390625 0.35961111111111116 0.02124999999999986 0.13759722222222226
0 0.5036171875 0.3809166666666667 0.006414062500000028 0.017166666666666684
1 0.388375 0.42938888888888893 0.030132812499999995 0.09872222222222228
1 0.5960078125 0.43394444444444447 0.028421875000000086 0.10298611111111108
1 0.5079687500000001 0.4383611111111111 0.03445312499999993 0.08874999999999997
1 0.5829609375 0.4403888888888889 0.03622656249999991 0.11788888888888888
1 0.45071093749999996 0.4778194444444444 0.020546874999999964 0.12636111111111115
1 0.55309375 0.47879166666666667 0.04775781250000009 0.16008333333333333
3 0.1820234375 0.4801944444444445 0.028945312500000007 0.1495416666666666
1 0.46728125 0.48375 0.03502343749999994 0.1680277777777778
1 0.694390625 0.5327916666666667 0.062414062500000075 0.17936111111111108
1 0.6507265624999999 0.5747361111111111 0.04118750000000002 0.21504166666666671
1 0.36267187500000003 0.646763888888889 0.07529687500000004 0.32054166666666667