      0/99    0.226G   0.08868   0.03739   0.04025    0.1663        63       640   0.03003   0.04973   0.01134  0.001893    0.1233   0.06728    0.0585
      1/99    0.803G   0.08388   0.03797   0.03484    0.1567        61       640   0.02209    0.1159    0.0191  0.003535    0.1139   0.08258   0.04703
      2/99    0.854G   0.07815    0.0399   0.02708    0.1451        49       640   0.03892    0.1909    0.0312  0.005252    0.1093   0.08703   0.03756
      3/99    0.854G   0.07526   0.03534   0.01989    0.1305        31       640   0.08202     0.203   0.07285   0.01376    0.1043   0.08921   0.03208
      4/99    0.854G   0.07015   0.03683   0.01612    0.1231        41       640    0.1464     0.241    0.1306   0.03405   0.09861   0.08973   0.02895
      5/99    0.854G   0.06732   0.03694   0.01355    0.1178        31       640     0.456    0.1358    0.1255   0.02923    0.0998   0.08838   0.02739
      6/99    0.856G    0.0658   0.03352   0.01337    0.1127        32       640    0.4128    0.1935   0.09322   0.01719    0.1033   0.08599   0.02599
      7/99    0.856G   0.06577   0.03401   0.01095    0.1107        15       640    0.4884    0.3429    0.1927   0.04795    0.1015   0.08342   0.02413
      8/99    0.856G   0.06545   0.03154   0.01217    0.1092        47       640    0.4114    0.3019   0.09534   0.02053    0.1079    0.0793   0.02319
      9/99    0.856G   0.06685   0.03225   0.01012    0.1092        12       640    0.4303    0.1183   0.08415   0.02012    0.1125    0.0737   0.02246
     10/99    0.856G   0.06178   0.03062   0.01096    0.1034        21       640      0.82    0.1867    0.1839   0.04507    0.1066   0.08511   0.02362
     11/99    0.856G   0.04932   0.03308  0.009895   0.09229        18       640    0.5701    0.2292    0.1867   0.04667    0.1088   0.08082   0.02598
     12/99    0.856G   0.05379   0.03215  0.009813   0.09574        40       640    0.7999   0.09409    0.1129   0.02633    0.1157   0.06859   0.02452
     13/99    0.856G   0.05039   0.03272   0.00883   0.09193        17       640    0.3201    0.2888    0.1835   0.05547     0.113   0.06992   0.02354
     14/99    0.856G   0.05724   0.03185  0.008401   0.09749       101       640   0.06781    0.2934   0.03278  0.006601     0.121    0.0652    0.0231
     15/99    0.856G   0.05698   0.03261  0.008489   0.09807        59       640    0.3551    0.2822    0.2257   0.04574    0.1105   0.08778   0.02409
     16/99     0.86G   0.05897   0.03798  0.008436    0.1054        69       640    0.1339    0.3444   0.08688   0.01361    0.1148   0.08683   0.02835
     17/99     0.86G   0.06019    0.0384   0.01146      0.11        29       640   0.08859    0.3447    0.1149   0.03146    0.1086   0.09621   0.02477
     18/99     0.86G   0.05446   0.03888  0.009614     0.103        19       640   0.08686    0.2236   0.08372   0.01573    0.1085   0.08743   0.02285
     19/99     0.86G   0.05767   0.03894  0.007972    0.1046        34       640      0.22    0.1894    0.1439   0.04213    0.1151   0.07675   0.02216
     20/99     0.86G    0.0621   0.03671   0.01073    0.1095         3       640    0.1539    0.1841   0.04128  0.007329    0.1175   0.08731   0.02449
     21/99     0.86G   0.06292   0.03894  0.009855    0.1117        17       640    0.4415    0.1571    0.0624   0.01593    0.1112    0.1097   0.02727
     22/99     0.86G   0.05745   0.03544   0.01145    0.1043        22       640    0.4065     0.187    0.0425    0.0115    0.1156   0.09708   0.02813
     23/99     0.86G   0.05756     0.032    0.0105    0.1001        20       640   0.07529    0.4063   0.03474  0.008746    0.1177   0.08404   0.02481
     24/99     0.86G     0.055   0.03298  0.009253   0.09723        28       640    0.6145    0.1286   0.08566   0.02517    0.1178   0.09892   0.03076
     25/99     0.86G   0.05637   0.04089  0.008049    0.1053        47       640    0.1881    0.2177   0.06255   0.01277    0.1189   0.09884   0.02635
     26/99     0.86G   0.04441   0.04203  0.007114   0.09356        45       640    0.4757    0.1789    0.1334    0.0289    0.1149   0.08213   0.01966
     27/99     0.86G   0.04515   0.03576  0.007515   0.08843        50       640    0.5529    0.2237    0.1721   0.03263    0.1141   0.07472   0.01874
     28/99     0.86G   0.04561   0.03882   0.00659   0.09102        29       640    0.4021     0.204    0.0473   0.01132    0.1174   0.06626   0.01835
     29/99     0.86G   0.04685   0.03551  0.005962   0.08832        27       640    0.5848    0.1924    0.1473   0.03217    0.1138    0.0691   0.01871
     30/99     0.86G   0.04442   0.03936  0.005118   0.08889        28       640    0.5447    0.2806    0.2243   0.05181    0.1157   0.06489   0.01869
     31/99     0.86G   0.04494   0.03528   0.00445   0.08467        68       640    0.5558      0.29    0.2064   0.04577    0.1121   0.07268    0.0196
     32/99     0.86G   0.05089   0.03721   0.00659   0.09469        39       640    0.5598    0.3585    0.2518   0.06029    0.1084   0.07651   0.01971
     33/99     0.86G    0.0431   0.03487  0.004905   0.08287        28       640    0.5972    0.2933    0.2058   0.03744     0.108   0.07483   0.01897
     34/99     0.86G   0.04149   0.04314  0.005359   0.08999        37       640    0.6433    0.3652    0.3516   0.08717    0.1051   0.07652   0.01887
     35/99     0.86G   0.04093   0.03933  0.004501   0.08476        23       640    0.7337    0.3667    0.4229    0.1427    0.1018   0.08024   0.01909
     36/99     0.86G   0.03784   0.03685  0.003422   0.07811        34       640    0.7129    0.4371    0.4493    0.1643   0.09996   0.08209   0.01923
     37/99     0.86G   0.03882   0.04135  0.004863   0.08503        24       640    0.6733    0.3561    0.3656   0.08546    0.1012   0.08324   0.01917
     38/99     0.86G   0.04203   0.03526  0.005272   0.08256        10       640    0.4789    0.6244    0.4643    0.1738    0.1007   0.07884   0.01892
     39/99    0.862G    0.0374   0.04192  0.002984    0.0823        74       640     0.557    0.5997    0.5361    0.1678    0.1001    0.0798   0.01888
     40/99    0.862G   0.04015   0.03567    0.0056   0.08142        32       640    0.5629    0.5753    0.5357    0.1605   0.09864   0.08628   0.01913
     41/99    0.862G   0.03874   0.03808   0.00318      0.08        47       640    0.6107    0.6082     0.595    0.2422   0.09984   0.08135   0.01866
     42/99    0.862G    0.0378   0.03596  0.002755   0.07651         7       640    0.6436    0.5541    0.5627    0.2235    0.1002   0.07457   0.01805
     43/99    0.862G   0.03432   0.03782  0.002773   0.07491         7       640    0.7094    0.5398    0.5918    0.2415   0.09935   0.07416   0.01825
     44/99    0.862G    0.0333   0.03742   0.00397   0.07469        31       640    0.6859    0.6424     0.651    0.3001   0.09646    0.0772   0.01858
     45/99    0.862G   0.03435   0.03634  0.003798   0.07449        19       640    0.6773    0.6345    0.6511    0.2852   0.09542   0.07992   0.01939
     46/99    0.862G   0.03526   0.03443  0.003022   0.07272        62       640    0.7123    0.6059    0.6423    0.2619   0.09477   0.08421   0.01993
     47/99    0.862G   0.03533   0.03659  0.002974   0.07489        82       640    0.6753    0.5693    0.6057    0.2274   0.09677   0.07994   0.01951
     48/99    0.862G    0.0395   0.03869  0.004481   0.08267        14       640    0.6153    0.5757    0.5925    0.2518   0.09488   0.08091   0.01969
     49/99    0.862G   0.03654   0.03843  0.003393   0.07837        77       640     0.767     0.575    0.6537    0.2924   0.09595   0.08051   0.01962
     50/99    0.862G   0.03296   0.03288  0.003184   0.06902        30       640    0.8142    0.5871    0.6802    0.3348   0.09328   0.08146   0.01958
     51/99    0.862G   0.03394   0.04127  0.002801   0.07802        31       640    0.7643    0.6095    0.6859    0.3184     0.093   0.08158   0.01967
     52/99    0.862G   0.03345   0.03627  0.003827   0.07355        31       640    0.6927     0.663    0.6841    0.3373   0.09167   0.08331   0.01978
     53/99    0.862G    0.0328   0.03252  0.003865   0.06918        11       640    0.7322     0.662    0.6914    0.3533   0.09106   0.08339   0.01998
     54/99    0.862G   0.03263   0.03682  0.002724   0.07217        28       640    0.7829     0.638     0.701    0.3515   0.09057   0.08089   0.01995
     55/99    0.862G   0.03068   0.03599  0.001961   0.06863        12       640    0.7869    0.6429    0.6998    0.3543   0.09099    0.0797   0.01973
     56/99    0.862G   0.03707   0.03379  0.003995   0.07485        25       640    0.8191    0.6451    0.7023    0.3265   0.09082   0.08029   0.02005
     57/99    0.862G   0.04039   0.03516  0.002521   0.07807        40       640     0.729    0.5831    0.6225    0.2805   0.09061   0.08204   0.02006
     58/99    0.862G   0.03385    0.0363  0.002782   0.07293        81       640    0.7813    0.6575    0.7099    0.3696    0.0901   0.08081   0.01999
     59/99    0.862G    0.0343    0.0355   0.00232   0.07212         9       640    0.8059    0.6509    0.7186    0.3671   0.08946   0.08056   0.02011
     60/99    0.862G   0.03675   0.03517  0.003041   0.07496        41       640    0.8338    0.6348     0.717    0.3753   0.08946   0.08003   0.02034
     61/99    0.862G   0.03308   0.03324  0.003437   0.06976        26       640    0.7972    0.6527    0.7098    0.3549   0.08916   0.08098   0.02066
     62/99    0.862G   0.02923   0.03445  0.002079   0.06577        33       640    0.8403    0.6439    0.7157    0.3831   0.08863   0.08142   0.02088
     63/99    0.862G   0.03071   0.03493  0.002193   0.06784        57       640    0.8469    0.6403    0.7167    0.3766   0.08847   0.08095   0.02082
     64/99    0.862G   0.03119   0.03619  0.002774   0.07016        36       640    0.8056    0.6663    0.7194    0.3883   0.08842   0.07968   0.02077
     65/99    0.862G   0.03041   0.03452  0.002351   0.06728        29       640    0.7977    0.6549    0.7087    0.3628   0.08843   0.08045   0.02097
     66/99    0.862G   0.02886   0.03561  0.001456   0.06593        42       640    0.7643    0.6707    0.7127    0.3719    0.0881   0.08006   0.02097
     67/99    0.862G   0.02914   0.03471  0.001636   0.06549        31       640    0.8335    0.6349    0.7099    0.3827   0.08762   0.08121   0.02107
     68/99    0.862G   0.03038   0.03639  0.002681   0.06945        28       640    0.7987    0.6495    0.7129    0.3644   0.08747   0.08133   0.02111
     69/99    0.862G   0.03063   0.03382  0.002465   0.06691        53       640    0.8151    0.6336    0.7151    0.3819   0.08695   0.08216   0.02115
     70/99    0.862G   0.03084   0.03708  0.001975   0.06989        61       640    0.8245    0.6322    0.7236    0.3878   0.08707   0.08183   0.02125
     71/99    0.862G      0.03   0.03632  0.002017   0.06834        26       640    0.8239    0.6374    0.7249    0.3923   0.08712   0.08118   0.02127
     72/99    0.862G   0.03702   0.03318  0.003215   0.07342        55       640    0.7182     0.722    0.7261     0.399   0.08719   0.08078   0.02107
     73/99    0.862G   0.02997    0.0329   0.00163    0.0645        15       640    0.7298    0.7168    0.7287     0.403   0.08682   0.08144   0.02104
     74/99    0.862G   0.03343   0.03551  0.002796   0.07174        25       640    0.7722    0.7193    0.7336    0.4083   0.08653   0.08238   0.02118
     75/99    0.862G     0.028   0.03538  0.001772   0.06515        43       640    0.7911    0.7078    0.7333    0.4124   0.08635   0.08283   0.02115
     76/99    0.862G   0.02924   0.03375  0.001954   0.06495        21       640    0.7844    0.7131    0.7338    0.4087   0.08637   0.08271   0.02114
     77/99    0.862G   0.03144    0.0325  0.002412   0.06635        41       640    0.7893    0.7169    0.7345    0.4006   0.08645   0.08266     0.021
     78/99    0.862G   0.03288   0.03357  0.003213   0.06966        41       640    0.7924    0.7071     0.734    0.3966   0.08611   0.08198   0.02081
     79/99    0.862G   0.02896   0.03402  0.001518    0.0645        29       640    0.7841    0.7086    0.7339    0.4041   0.08603   0.08155   0.02079
     80/99    0.862G   0.02745   0.03305   0.00178   0.06227        38       640    0.7984    0.6988    0.7282    0.4026   0.08589   0.08105   0.02078
     81/99    0.862G   0.03029   0.03214  0.001458   0.06389        44       640    0.7847    0.7222    0.7356    0.4039   0.08601   0.08082   0.02075
     82/99    0.862G   0.03123   0.03308  0.002121   0.06643        36       640    0.7877    0.7158    0.7335    0.4081   0.08596   0.08097   0.02073
     83/99    0.862G   0.02922   0.03431  0.002562   0.06609        31       640    0.7872    0.7175    0.7435    0.4201   0.08593   0.08104   0.02074
     84/99    0.862G   0.03076   0.03736   0.00235   0.07047        90       640    0.8091    0.7045    0.7355    0.4177   0.08587   0.08091   0.02072
     85/99    0.862G   0.03105    0.0367  0.002615   0.07036        40       640     0.807    0.7099     0.736    0.4169   0.08607   0.08061   0.02089
     86/99    0.862G   0.02707   0.03472  0.001481   0.06327        16       640    0.8054    0.7153    0.7357    0.4168   0.08588   0.08091   0.02099
     87/99    0.862G   0.02784   0.03271  0.001049    0.0616        48       640    0.8061    0.7155    0.7338    0.4136   0.08585   0.08091   0.02097
     88/99    0.862G    0.0311   0.03314  0.002764   0.06701        38       640    0.8085    0.7142     0.734    0.4106   0.08574   0.08092   0.02103
     89/99    0.862G   0.02698   0.03677  0.001747   0.06549        35       640    0.8041    0.7121    0.7323    0.4129   0.08571   0.08089   0.02111
     90/99    0.862G   0.03021   0.03348  0.002356   0.06604        34       640    0.8073    0.7156     0.734    0.4135   0.08568   0.08109   0.02115
     91/99    0.862G   0.02946   0.03509  0.002231   0.06679        29       640    0.8097    0.7156    0.7436     0.418   0.08567    0.0815   0.02119
     92/99    0.862G   0.03099   0.03466  0.003247    0.0689        34       640    0.8093    0.7169    0.7451    0.4206   0.08561   0.08121   0.02115
     93/99    0.862G   0.03507   0.03075  0.003255   0.06907        40       640    0.8083    0.7142    0.7348    0.4163   0.08577   0.08113   0.02131
     94/99    0.862G   0.03082   0.03491  0.002959   0.06869        23       640    0.8096    0.7142    0.7455    0.4176   0.08568   0.08119    0.0213
     95/99    0.862G   0.03071   0.03372  0.003036   0.06747        15       640    0.8088    0.7141    0.7422    0.4181    0.0856   0.08112   0.02125
     96/99    0.862G   0.02707   0.03208  0.001693   0.06085        21       640    0.8175    0.7142    0.7339    0.4232   0.08556   0.08104   0.02115
     97/99    0.862G    0.0268   0.03401  0.001042   0.06185        40       640    0.8073    0.7116     0.733     0.422   0.08569   0.08072   0.02117
     98/99    0.862G   0.03165   0.03378  0.002527   0.06795        57       640    0.8131    0.7142    0.7357    0.4203   0.08558   0.08089   0.02107
     99/99    0.862G   0.02871   0.03162   0.00201   0.06234        25       640    0.8156    0.7142    0.7361    0.4159   0.08554   0.08081   0.02108
