5 0.5016953125 0.3481111111111111 0.032328125 0.1575
2 0.46159375 0.5379722222222222 0.0131015625 0.026166666666666668
4 0.40592187500000004 0.5573888888888889 0.038484375 0.1815138888888889
3 0.7607734374999999 0.5835 0.06593750000000001 0.14127777777777778
3 0.5830546875 0.594625 0.0384765625 0.14641666666666667
4 0.228109375 0.603625 0.04090625 0.1643888888888889
3 0.8688984375000001 0.636375 0.054867187500000004 0.16054166666666667
4 0.4298984375 0.6569166666666667 0.0346328125 0.21876388888888887
3 0.52490625 0.6629166666666667 0.038320312499999995 0.2504444444444444
4 0.29312499999999997 0.664875 0.051000000000000004 0.19649999999999998
3 0.5078125 0.6945972222222222 0.0324765625 0.27955555555555556
4 0.435078125 0.7040138888888888 0.0507578125 0.27526388888888886
4 0.26725781249999997 0.7232777777777778 0.0697890625 0.19906944444444447
3 0.877921875 0.7459583333333334 0.0955546875 0.1845138888888889
5 0.5094453125 0.8950694444444445 0.046890625000000005 0.15247222222222223