5 0.50171875 0.3492222222222222 0.033171875 0.15955555555555556
2 0.49831250000000005 0.53225 0.0140390625 0.02659722222222222
3 0.719890625 0.5710833333333334 0.050640624999999995 0.155875
4 0.427265625 0.5722916666666666 0.044453124999999996 0.16665277777777776
4 0.2436171875 0.6066805555555556 0.0339296875 0.16529166666666667
3 0.8702500000000001 0.6260972222222223 0.0342734375 0.15427777777777776
3 0.60003125 0.6370555555555556 0.0423359375 0.15945833333333334
4 0.4323046875 0.6814027777777778 0.07162500000000001 0.19293055555555555
4 0.33659374999999997 0.6941944444444444 0.041984375000000004 0.1949722222222222
3 0.8082421875 0.7343333333333334 0.07709375 0.1977361111111111
3 0.5546171875 0.7363194444444444 0.0528671875 0.20969444444444443
3 0.515265625 0.737125 0.034265625 0.22883333333333333
4 0.20389062500000002 0.74 0.07423437499999999 0.18934722222222225
4 0.4700078125 0.7667083333333333 0.039953125 0.18729166666666666
5 0.5074296875 0.8950555555555556 0.05665625 0.15045833333333333