5 0.5021718749999999 0.34755555555555556 0.032492187500000005 0.158625
4 0.426734375 0.5792638888888889 0.0490546875 0.16931944444444444
3 0.6976484375 0.5826805555555555 0.042765625 0.15894444444444444
4 0.2507890625 0.6135694444444444 0.03403125 0.16308333333333333
2 0.5234765625 0.6157916666666666 0.0129453125 0.02851388888888889
3 0.8643046875 0.6225972222222222 0.0382265625 0.15820833333333334
3 0.588875 0.6551944444444444 0.0435859375 0.16919444444444443
4 0.4294921875 0.6692638888888889 0.055570312499999996 0.21744444444444444
4 0.35531250000000003 0.703125 0.048578125 0.19783333333333333
4 0.216203125 0.7365416666666665 0.0621015625 0.18090277777777777
3 0.7402890625 0.7445555555555556 0.070359375 0.17945833333333333
3 0.526875 0.7449305555555555 0.037421875 0.22706944444444446
3 0.5614765625 0.7474861111111112 0.05307031250000001 0.2146111111111111
4 0.47767968749999995 0.7609583333333333 0.044609375 0.2037638888888889
5 0.5091875 0.895625 0.0595625 0.14972222222222223