5 0.50196875 0.34918055555555555 0.0331328125 0.15894444444444444
2 0.5311953125 0.5536527777777778 0.012648437500000002 0.039875
4 0.4267265625 0.5779305555555556 0.0479921875 0.17356944444444444
3 0.6927187499999999 0.5849166666666666 0.0449765625 0.16281944444444446
4 0.25428125 0.614361111111111 0.034734375 0.1655138888888889
3 0.860328125 0.6230694444444445 0.048296875 0.16604166666666667
3 0.587078125 0.66525 0.042249999999999996 0.17840277777777777
4 0.43004687500000005 0.6668611111111111 0.049203125 0.21494444444444444
4 0.36657812500000003 0.7154999999999999 0.055867187500000005 0.20258333333333337
3 0.5375078125 0.730013888888889 0.0368203125 0.2788888888888889
4 0.2255859375 0.7340416666666667 0.056203125 0.18055555555555555
3 0.7270390625 0.746125 0.047109374999999995 0.18109722222222221
3 0.5715078124999999 0.7515000000000001 0.04315625 0.21333333333333332
4 0.47764843749999997 0.7582222222222221 0.041031250000000005 0.19130555555555556
5 0.509078125 0.8958333333333334 0.0561484375 0.1505138888888889