5 0.5010859375 0.3481944444444444 0.032703125 0.15981944444444443
2 0.53809375 0.46125000000000005 0.0140625 0.043416666666666666
4 0.42639843749999995 0.5770416666666667 0.047531250000000004 0.17219444444444446
3 0.6888124999999999 0.5895555555555556 0.048875 0.16861111111111113
4 0.255484375 0.6154722222222222 0.0348203125 0.16325
3 0.8580390625 0.6288750000000001 0.0655859375 0.173375
4 0.430921875 0.6699861111111111 0.0485390625 0.21031944444444445
3 0.5813906249999999 0.6747638888888888 0.051875000000000004 0.1757638888888889
4 0.370234375 0.7263194444444445 0.052890625000000004 0.19720833333333335
3 0.5423515625 0.7319583333333333 0.040828125 0.2663333333333333
4 0.23584375 0.7305277777777778 0.06934375000000001 0.1835138888888889
3 0.7146171875 0.7435694444444445 0.054898437499999994 0.18470833333333334
3 0.5740234375 0.754 0.055898437499999995 0.21270833333333333
4 0.47464843749999996 0.7674027777777778 0.0347890625 0.20972222222222223
5 0.5095234375000001 0.8959722222222223 0.0556875 0.15330555555555556