2 0.551984375 0.3206805555555555 0.011835937500000001 0.021902777777777778
5 0.5015 0.34902777777777777 0.0327421875 0.15916666666666665
4 0.42307812499999997 0.5776111111111111 0.0395625 0.17441666666666666
3 0.6748359374999999 0.5940416666666667 0.07275781249999999 0.16112500000000002
4 0.26480468749999997 0.6120277777777778 0.0411015625 0.15643055555555554
3 0.8533515625 0.6439027777777778 0.056265625 0.1857638888888889
4 0.4360546875 0.669125 0.05803125 0.2135277777777778
3 0.576734375 0.6896527777777778 0.0393359375 0.17011111111111113
4 0.246109375 0.7316944444444445 0.054734375 0.19005555555555556
3 0.6960703125000001 0.7467499999999999 0.059789062500000004 0.19280555555555554
4 0.364234375 0.7477361111111112 0.0560546875 0.19240277777777778
3 0.5451718750000001 0.7649444444444444 0.0496796875 0.24012499999999998
3 0.594765625 0.7676805555555556 0.05825 0.20961111111111108
4 0.4676171875 0.7715833333333333 0.0344921875 0.22604166666666667
5 0.5094140625 0.8959444444444445 0.05340625 0.1525138888888889