2 0.5573750000000001 0.2650972222222222 0.011484375 0.028944444444444443
5 0.501515625 0.34788888888888886 0.031570312499999996 0.15919444444444444
4 0.42731250000000004 0.5760972222222223 0.0472265625 0.17477777777777778
3 0.6696484375 0.59475 0.062875 0.15863888888888888
4 0.27190625 0.615625 0.041609375 0.15584722222222222
3 0.8553046875 0.6490138888888889 0.0566015625 0.19147222222222224
4 0.43529687499999997 0.6698888888888889 0.0550546875 0.21429166666666666
3 0.5805703125 0.6971666666666666 0.0437734375 0.1864722222222222
4 0.2558984375 0.7308472222222223 0.036296875 0.19481944444444446
4 0.3513828125 0.7467083333333333 0.0375234375 0.19202777777777777
3 0.6973515625 0.7480972222222222 0.0631796875 0.20705555555555558
3 0.606390625 0.7625694444444444 0.0566015625 0.22152777777777777
4 0.4639375 0.7706388888888889 0.038453125 0.22431944444444443
3 0.5484765625 0.7725833333333333 0.0566171875 0.23044444444444442
5 0.51153125 0.895875 0.058484375 0.14973611111111113