2 0.5644453125 0.22726388888888888 0.013140625 0.0295
5 0.50196875 0.34526388888888887 0.032453125 0.15954166666666666
4 0.426671875 0.5782499999999999 0.038070312499999995 0.17816666666666667
3 0.6692890625000001 0.5940972222222223 0.0620703125 0.16231944444444446
4 0.2727578125 0.6185833333333334 0.0405390625 0.1500138888888889
3 0.8601875 0.6462222222222221 0.045484375 0.19355555555555556
4 0.4373828125 0.6647777777777778 0.0484609375 0.21511111111111111
3 0.587625 0.688236111111111 0.042265625 0.1887222222222222
4 0.267265625 0.7249583333333334 0.037328125000000004 0.205
4 0.34924218749999997 0.7431388888888888 0.041757812500000005 0.20147222222222222
3 0.704171875 0.7458611111111111 0.05809375 0.21334722222222224
3 0.6126171874999999 0.75575 0.0486875 0.227875
4 0.45944531250000004 0.76925 0.0447421875 0.22434722222222223
3 0.56078125 0.7751111111111112 0.044 0.22611111111111112
5 0.515 0.8964305555555555 0.0632578125 0.15291666666666665