2 0.5870078125 0.18431944444444445 0.0133125 0.024638888888888887
5 0.5021953124999999 0.3485138888888889 0.031406250000000004 0.15933333333333333
3 0.706796875 0.5744444444444444 0.0466796875 0.18308333333333332
4 0.43064843750000004 0.5835277777777778 0.045742187499999996 0.180625
4 0.255671875 0.6023472222222223 0.0290625 0.16504166666666667
3 0.8862187499999999 0.6408055555555555 0.0682421875 0.18641666666666667
4 0.4567421875 0.6485555555555556 0.032046875 0.1791111111111111
3 0.6131875 0.6718194444444444 0.05005468749999999 0.18308333333333332
4 0.3041171875 0.7105416666666666 0.036117187499999995 0.19279166666666667
4 0.2767421875 0.7295555555555555 0.0322734375 0.20116666666666666
3 0.7505 0.7488611111111111 0.042921875 0.2157638888888889
3 0.6264140625 0.7596944444444444 0.052117187499999995 0.21543055555555557
4 0.45428125 0.7715694444444444 0.039531250000000004 0.2243611111111111
3 0.6028749999999999 0.7865416666666666 0.0571875 0.23044444444444442
5 0.5133125 0.8955416666666666 0.0720390625 0.15134722222222222