2 0.5926796875 0.20120833333333335 0.0131640625 0.025416666666666667
5 0.5019453125 0.34825 0.0318671875 0.16229166666666667
3 0.713546875 0.5691527777777778 0.039304687500000005 0.1771388888888889
4 0.4350078125 0.585 0.054007812499999995 0.18065277777777777
4 0.2529765625 0.6026111111111111 0.027984375 0.16858333333333334
3 0.8891796875000001 0.6453888888888889 0.069578125 0.18065277777777777
4 0.46016406249999997 0.65425 0.032492187500000005 0.1932361111111111
3 0.6168828125 0.665513888888889 0.0395859375 0.17865277777777777
4 0.292625 0.7080416666666667 0.0415625 0.1962638888888889
4 0.279296875 0.732 0.0342109375 0.19977777777777778
3 0.6225390625 0.7477916666666666 0.054296875 0.2093472222222222
3 0.7640703125 0.7508194444444445 0.062796875 0.21337499999999998
4 0.4536875 0.7689305555555556 0.0381640625 0.22645833333333334
3 0.6218281250000001 0.7955972222222223 0.0664609375 0.24155555555555555
5 0.5096406250000001 0.89575 0.07321093749999999 0.14822222222222223