2 0.6032656249999999 0.27134722222222224 0.012773437500000002 0.02727777777777778
5 0.5017890625 0.3511666666666667 0.031070312500000002 0.1603888888888889
3 0.7327578124999999 0.5645138888888889 0.0388984375 0.1686388888888889
4 0.44465625 0.5908888888888889 0.0456484375 0.19190277777777776
4 0.2451953125 0.5936111111111111 0.0350625 0.1676388888888889
3 0.8860312499999999 0.6472777777777778 0.07334375 0.17706944444444445
4 0.463484375 0.6736805555555556 0.0396171875 0.21644444444444444
3 0.6205468749999999 0.6763472222222222 0.047640625 0.1872777777777778
4 0.26646875 0.6938194444444444 0.0404140625 0.19355555555555556
4 0.2821796875 0.7408472222222222 0.039875 0.19458333333333333
3 0.5947109375 0.7509166666666667 0.06586718750000001 0.2121388888888889
4 0.455953125 0.7533333333333333 0.045140625000000004 0.21243055555555554
3 0.7729453125 0.7573472222222222 0.06835156249999999 0.20991666666666664
3 0.647375 0.8061666666666667 0.06885156249999999 0.22588888888888886
5 0.49699218749999996 0.8975972222222222 0.07535937499999999 0.15075