2 0.6073984375 0.3193333333333333 0.0128125 0.03202777777777777
5 0.5025000000000001 0.34981944444444446 0.0316484375 0.16229166666666667
3 0.738203125 0.5699861111111111 0.0367109375 0.15525
4 0.23785937499999998 0.5871944444444444 0.038242187500000004 0.16543055555555555
4 0.4482734375 0.5926666666666667 0.02834375 0.19280555555555554
3 0.876015625 0.6419444444444444 0.0677109375 0.17090277777777776
3 0.6229296875 0.6685416666666667 0.053421874999999994 0.18106944444444445
4 0.46410156249999995 0.6730416666666666 0.0388984375 0.21275000000000002
4 0.2505078125 0.6820277777777778 0.047703125 0.18458333333333335
4 0.28118750000000003 0.7422638888888888 0.0404375 0.19005555555555556
3 0.588171875 0.7445972222222222 0.07409375 0.21822222222222223
4 0.45893750000000005 0.7496805555555556 0.0386796875 0.21665277777777778
3 0.7762578125 0.7553611111111111 0.059578125 0.2162638888888889
3 0.6543828125 0.8146111111111111 0.070578125 0.22526388888888887
5 0.49325 0.8951666666666667 0.07563281250000001 0.15408333333333332