5 0.502046875 0.35111111111111115 0.0314375 0.1594861111111111
2 0.6196484375 0.5199583333333333 0.0113828125 0.029430555555555557
3 0.7563984375 0.5740416666666667 0.0527109375 0.14677777777777778
4 0.22697656249999998 0.5889444444444445 0.0518828125 0.15266666666666667
4 0.4519375 0.5993333333333333 0.0241953125 0.19112500000000002
3 0.84078125 0.6323472222222223 0.0797578125 0.17775000000000002
3 0.6216640625000001 0.6345833333333333 0.0414765625 0.21566666666666667
4 0.45896875000000004 0.6737500000000001 0.028304687499999998 0.216125
4 0.198421875 0.6816249999999999 0.0605390625 0.19036111111111112
3 0.557796875 0.7322222222222223 0.0527109375 0.19243055555555558
4 0.2769375 0.7475833333333333 0.047984375 0.18458333333333335
4 0.46675000000000005 0.7483472222222222 0.0282890625 0.21304166666666666
3 0.7785234375 0.7593333333333334 0.0561484375 0.20670833333333336
3 0.6483828125 0.8329305555555556 0.05775 0.21688888888888888
5 0.48567968749999996 0.8939027777777778 0.0782578125 0.15959722222222222