5 0.5022109375 0.3515277777777778 0.031117187499999997 0.162
2 0.6174296874999999 0.49577777777777776 0.011859375 0.02972222222222222
3 0.755328125 0.5686527777777778 0.0511328125 0.15413888888888888
4 0.23539062500000002 0.5812361111111112 0.049398437499999996 0.15193055555555557
4 0.459140625 0.5939166666666666 0.035484375 0.184625
3 0.8282421875000001 0.6309305555555556 0.0652890625 0.1753472222222222
3 0.621171875 0.6338055555555555 0.0347421875 0.2261388888888889
4 0.17870312500000002 0.6746527777777778 0.0352421875 0.19036111111111112
4 0.45707812499999995 0.6815 0.026046875000000004 0.20847222222222223
3 0.55396875 0.7234583333333333 0.050890625 0.20316666666666666
4 0.4673828125 0.7439999999999999 0.026289062499999998 0.2142083333333333
4 0.27546875000000004 0.7490833333333333 0.044929687499999996 0.18108333333333332
3 0.7723515625 0.7594583333333332 0.061320312499999995 0.21068055555555557
3 0.6366953125 0.8303472222222222 0.08665625 0.22437500000000002
5 0.48129687499999996 0.8930694444444445 0.07696875 0.16254166666666667