5 0.502796875 0.351125 0.031234374999999998 0.16255555555555556
2 0.6121796875000001 0.4580138888888889 0.011820312500000001 0.025736111111111112
3 0.7523515625 0.5679861111111111 0.0476484375 0.15534722222222222
4 0.2470546875 0.5751111111111111 0.04021875 0.15104166666666666
4 0.45932031249999994 0.5917916666666666 0.039070312499999996 0.1679027777777778
3 0.8080234374999999 0.6307777777777778 0.038875 0.17643055555555556
3 0.62128125 0.6523055555555556 0.034499999999999996 0.22774999999999998
4 0.16059375 0.6704166666666667 0.044671875 0.1902638888888889
4 0.4557421875 0.6907083333333334 0.0272578125 0.1999027777777778
3 0.5567109375 0.6985972222222222 0.0507421875 0.22774999999999998
4 0.46744531250000004 0.7409444444444445 0.0270546875 0.21229166666666666
4 0.27584375 0.7526388888888889 0.0468046875 0.1882083333333333
3 0.7629140624999999 0.7597638888888889 0.05434375 0.21170833333333333
3 0.6293984375 0.818875 0.08527343750000001 0.22729166666666667
5 0.4781328125 0.8916944444444445 0.0748515625 0.16493055555555555