5 0.5027890625 0.35456944444444444 0.032125 0.16012500000000002
2 0.5763906249999999 0.4902083333333333 0.014101562500000001 0.028819444444444446
4 0.235796875 0.5849166666666666 0.0663515625 0.1468611111111111
3 0.705578125 0.5917777777777777 0.03521875 0.15691666666666668
4 0.42507812500000003 0.6219722222222223 0.0625 0.16241666666666665
3 0.7024921875000001 0.6427916666666667 0.048085937499999995 0.18208333333333332
3 0.630171875 0.6759583333333333 0.056820312500000004 0.1779722222222222
4 0.0761171875 0.6807638888888888 0.0666171875 0.16012500000000002
4 0.4706171875 0.6823611111111111 0.03571875 0.28044444444444444
3 0.531359375 0.7084444444444444 0.0377890625 0.20633333333333334
3 0.5793515625000001 0.7244583333333333 0.06737499999999999 0.2127361111111111
4 0.47229687499999995 0.7470972222222222 0.018476562499999998 0.25345833333333334
3 0.6874374999999999 0.7658611111111111 0.04421875 0.20954166666666668
4 0.3027578125 0.7751527777777778 0.05194531249999999 0.18620833333333334
5 0.45222656250000004 0.8921250000000001 0.052976562500000005 0.1711111111111111