5 0.5020703125 0.35479166666666667 0.031960937499999995 0.16427777777777777
2 0.5702578125 0.5420833333333334 0.0124765625 0.027222222222222224
3 0.6974609375 0.5791944444444445 0.0275078125 0.12618055555555555
4 0.23290625 0.5831666666666666 0.060343749999999995 0.15191666666666667
4 0.42094531249999995 0.6200555555555556 0.056734375000000004 0.16427777777777777
3 0.695234375 0.6452638888888889 0.044203124999999996 0.18209722222222224
3 0.616328125 0.6685138888888889 0.0472734375 0.18902777777777777
4 0.47144531250000005 0.6717361111111111 0.041421875000000004 0.26375
4 0.0724765625 0.6808611111111111 0.057851562499999995 0.15933333333333333
3 0.5683125 0.6996944444444444 0.0508828125 0.24741666666666665
3 0.5350546875 0.7016666666666667 0.0366953125 0.2048611111111111
4 0.47131249999999997 0.7128055555555556 0.025 0.30333333333333334
3 0.6797890625 0.7749027777777777 0.04559375 0.2009027777777778
4 0.3079296875 0.7791111111111112 0.0394921875 0.1934861111111111
5 0.4536328125 0.8914444444444445 0.053671875 0.17072222222222222