5 0.5033671875 0.3556805555555555 0.031640625 0.16386111111111112
4 0.21937500000000001 0.5979444444444444 0.0637421875 0.15330555555555556
2 0.3881328125 0.6046527777777778 0.0289921875 0.027625
3 0.6770390625 0.605375 0.0512109375 0.1493888888888889
4 0.401578125 0.6303194444444444 0.0644296875 0.17011111111111113
3 0.6880390625 0.6526944444444445 0.0375703125 0.19631944444444444
4 0.473234375 0.6593472222222222 0.049234375000000004 0.2197777777777778
3 0.6041171875 0.6689305555555556 0.0404375 0.19045833333333334
4 0.4831796875 0.6861388888888889 0.04725 0.2585
3 0.5401015625000001 0.6863333333333334 0.0435078125 0.1634722222222222
4 0.066984375 0.6865277777777778 0.056937499999999995 0.17480555555555555
3 0.5687031250000001 0.7547777777777779 0.037351562500000005 0.20413888888888887
3 0.6672578125 0.7901666666666666 0.046156249999999996 0.18497222222222223
4 0.31665625 0.7889027777777777 0.0415390625 0.185375
5 0.456078125 0.8926250000000001 0.054515625 0.17090277777777776