5 0.707453125 0.35618055555555556 0.0466015625 0.16212500000000002
3 0.8756171875 0.6000833333333333 0.0335625 0.18890277777777775
4 0.4050546875 0.6005277777777778 0.0265859375 0.17031944444444444
4 0.573890625 0.6065972222222222 0.049234375000000004 0.18270833333333336
3 0.7664921875 0.6626805555555555 0.0492265625 0.20702777777777778
3 0.89378125 0.6655694444444444 0.0445078125 0.2110138888888889
3 0.8128984375 0.6695416666666667 0.041507812500000005 0.17738888888888887
4 0.61084375 0.734125 0.0459921875 0.21631944444444445
4 0.260859375 0.7431944444444445 0.028335937500000002 0.15306944444444442
4 0.509390625 0.7434166666666666 0.0425078125 0.2110138888888889
3 0.9110703125 0.759125 0.055703125 0.2247361111111111
4 0.620296875 0.7658472222222221 0.051460937500000005 0.19686111111111113
3 0.834921875 0.7801388888888889 0.0467421875 0.23048611111111109
5 0.6381640625 0.8935555555555555 0.0509296875 0.17181944444444444