5 0.7111015625 0.35631944444444447 0.051671875 0.1618888888888889
4 0.405265625 0.6064027777777778 0.029898437500000003 0.1728888888888889
3 0.8755390625 0.6070694444444444 0.0365859375 0.18740277777777778
4 0.5687031250000001 0.6077222222222223 0.0445 0.18168055555555557
3 0.7716093749999999 0.66425 0.0459921875 0.20938888888888887
3 0.89346875 0.6655694444444444 0.045734375 0.21202777777777776
3 0.8157734375000001 0.6723888888888889 0.0467265625 0.17376388888888888
4 0.6035859375 0.7361805555555555 0.0479609375 0.2195138888888889
4 0.2632265625 0.7405833333333334 0.031390625 0.15880555555555556
4 0.5094375 0.7427777777777778 0.0442578125 0.21070833333333333
3 0.9098046875 0.7568611111111112 0.068 0.22566666666666665
4 0.623953125 0.7652916666666667 0.0405390625 0.19619444444444442
3 0.8397734375000001 0.7775277777777778 0.051671875 0.23358333333333334
5 0.6343984375 0.8952083333333333 0.0516796875 0.17331944444444444