5 0.713328125 0.35654166666666665 0.055132812499999996 0.16144444444444445
4 0.559671875 0.6072916666666667 0.031390625 0.18608333333333332
4 0.408234375 0.6112500000000001 0.036828125 0.1728888888888889
3 0.87615625 0.6141111111111112 0.0388125 0.19179166666666667
3 0.7774296875 0.6649166666666667 0.0393125 0.21334722222222224
3 0.8955781249999999 0.6671111111111111 0.0449921875 0.21511111111111111
3 0.8212187500000001 0.6754722222222221 0.046234375 0.17552777777777778
4 0.2635546875 0.7380833333333333 0.0368359375 0.16584722222222223
4 0.5110781249999999 0.7381527777777778 0.041281250000000005 0.21115277777777777
4 0.604578125 0.7394722222222222 0.06578125 0.22874999999999998
3 0.911296875 0.7517916666666666 0.0661015625 0.22523611111111108
4 0.6225234375 0.7665277777777777 0.0422734375 0.2001527777777778
3 0.8458359375000001 0.7685138888888889 0.058851562499999996 0.24019444444444443
5 0.6314296875000001 0.893888888888889 0.049203125 0.17508333333333334