5 0.7410234375 0.3293888888888889 0.017015625 0.1072361111111111
4 0.3965390625 0.4043333333333333 0.0148671875 0.071625
4 0.57734375 0.4080972222222222 0.0271015625 0.06177777777777777
4 0.43247656250000005 0.4107083333333333 0.03353125 0.06293055555555556
4 0.599984375 0.41548611111111106 0.0246875 0.07911111111111112
5 0.262125 0.42368055555555556 0.01578125 0.1126111111111111
3 0.5225546875 0.4237083333333333 0.0304609375 0.13081944444444443
3 0.5338984375 0.42990277777777774 0.028609375 0.13170833333333334
3 0.5346093749999999 0.4660416666666667 0.0504140625 0.1171111111111111
3 0.6178671875 0.4691944444444444 0.0349921875 0.1421388888888889
3 0.4142265625 0.7532083333333333 0.07975 0.4935833333333333