2 0.4371484375 0.2085138888888889 0.024054687499999998 0.04223611111111111
5 0.740671875 0.34505555555555556 0.017359375 0.10754166666666667
4 0.40304687499999997 0.409375 0.0139921875 0.06283333333333334
4 0.4364921875 0.4124027777777778 0.0345234375 0.05306944444444445
4 0.577359375 0.4184583333333334 0.0290390625 0.06702777777777777
4 0.5933984375 0.42136111111111113 0.017656250000000002 0.09145833333333332
5 0.2620234375 0.43455555555555553 0.015062500000000001 0.11081944444444446
3 0.525390625 0.43595833333333334 0.038046875 0.12770833333333334
3 0.5331406249999999 0.44208333333333333 0.0297734375 0.13322222222222221
3 0.6288359375 0.4437638888888889 0.026500000000000003 0.10841666666666668
3 0.5470937499999999 0.4792916666666666 0.043890625 0.12005555555555555
3 0.6157421875 0.4825138888888889 0.030632812500000002 0.1448611111111111
3 0.4321484375 0.5962222222222222 0.0823046875 0.3648055555555556