2 0.44760156249999994 0.29436111111111113 0.022859375 0.03238888888888889
5 0.7402109375 0.36438888888888893 0.017249999999999998 0.107125
4 0.575703125 0.429625 0.0192421875 0.05958333333333333
4 0.58815625 0.4365833333333333 0.0137578125 0.09299999999999999
4 0.63121875 0.4403472222222222 0.01625 0.08491666666666667
5 0.262296875 0.45204166666666673 0.0157890625 0.11591666666666665
3 0.5283125 0.45586111111111116 0.0438359375 0.12809722222222222
3 0.523734375 0.4605694444444445 0.025171875 0.1337361111111111
3 0.6326015625 0.4625972222222222 0.0258515625 0.109
3 0.5638984375 0.49454166666666666 0.0392578125 0.12152777777777778
3 0.6132187499999999 0.5058194444444445 0.02690625 0.1522222222222222
3 0.4144609375 0.51425 0.054898437499999994 0.4003611111111111