2 0.5001796875 0.3185555555555556 0.010109375 0.01673611111111111
5 0.7531640625 0.3732638888888889 0.019039062500000002 0.11218055555555555
4 0.5831953125 0.44334722222222217 0.0275546875 0.0905138888888889
4 0.42884374999999997 0.4557916666666667 0.0194375 0.10818055555555556
3 0.538171875 0.46677777777777774 0.028367187500000002 0.14243055555555556
5 0.2493203125 0.46805555555555556 0.015867187499999998 0.11863888888888889
3 0.5081484374999999 0.4734583333333333 0.0385078125 0.14495833333333333
3 0.6371484374999999 0.4777777777777778 0.029249999999999998 0.1125
3 0.5999296875 0.5071666666666667 0.046406249999999996 0.14170833333333333
3 0.6224375 0.5313333333333333 0.032609375 0.162625
3 0.398171875 0.6370694444444445 0.0817265625 0.3090555555555556