2 0.5045 0.3343333333333333 0.0088515625 0.017472222222222222
5 0.7600859375 0.37348611111111113 0.01934375 0.11626388888888887
4 0.42277343749999996 0.43472222222222223 0.0209375 0.08330555555555555
4 0.5852890625 0.44725 0.0313203125 0.10272222222222221
4 0.5121796875 0.44802777777777775 0.03203125 0.06483333333333333
4 0.43237500000000006 0.4582083333333334 0.026742187499999997 0.110875
3 0.5383671875 0.4665416666666667 0.0300859375 0.15084722222222222
5 0.24240625 0.46975000000000006 0.017937500000000002 0.12111111111111111
3 0.501171875 0.47705555555555557 0.0317265625 0.14630555555555555
3 0.6454765625000001 0.4785 0.03575 0.11127777777777778
3 0.6276328125 0.536625 0.0348515625 0.16619444444444445
3 0.38759375 0.6380277777777777 0.08562499999999999 0.3081388888888889
4 0.656265625 0.4453888888888889 0.0201171875 0.06830555555555555