5 0.775578125 0.3701527777777778 0.01946875 0.12094444444444444
4 0.41266406250000004 0.4346388888888889 0.024671875 0.09129166666666667
4 0.58396875 0.44187499999999996 0.02090625 0.10681944444444444
4 0.5912734375 0.44280555555555556 0.025015625000000003 0.0942361111111111
4 0.5125078125 0.44762500000000005 0.035203125 0.06961111111111111
4 0.658875 0.454375 0.028046875 0.10444444444444445
4 0.44828124999999996 0.46730555555555553 0.0278359375 0.11056944444444444
3 0.5464687500000001 0.472125 0.045296875 0.14376388888888889
5 0.22492968750000003 0.47455555555555556 0.024359375 0.13125
3 0.48359375 0.47922222222222227 0.035812500000000004 0.15581944444444445
3 0.6637890625 0.4840138888888889 0.038492187500000004 0.11725000000000001
3 0.6357578125 0.5451944444444444 0.0327265625 0.17952777777777776
3 0.3750234375 0.6521805555555555 0.0713359375 0.30968055555555557