5 0.7867890625 0.36656944444444445 0.0203203125 0.12669444444444444
2 0.5079140625 0.3961111111111111 0.006546875000000001 0.0125
4 0.4036328125 0.43404166666666666 0.031875 0.09230555555555554
4 0.5953203125 0.43966666666666665 0.02475 0.09433333333333334
4 0.581078125 0.44193055555555555 0.030406250000000003 0.11058333333333334
4 0.512578125 0.44593055555555555 0.037351562500000005 0.07380555555555555
4 0.45178124999999997 0.47102777777777777 0.0215546875 0.11695833333333333
3 0.549 0.4761805555555556 0.0459765625 0.14708333333333334
5 0.2137578125 0.4781111111111111 0.0268203125 0.13505555555555554
3 0.4789296875 0.48337499999999994 0.0446328125 0.15348611111111113
3 0.6691328125 0.4858055555555555 0.040875 0.12156944444444445
3 0.6656640625 0.5227638888888889 0.030226562499999998 0.15983333333333333
3 0.6423203125 0.5530833333333334 0.0353359375 0.19127777777777777
3 0.36825 0.65425 0.06765625 0.3292777777777778