2 0.48805468750000003 0.21302777777777776 0.0093125 0.023458333333333335
5 0.8561406249999999 0.3472361111111111 0.024335937499999998 0.15983333333333333
4 0.5818984375 0.42826388888888894 0.033640625 0.11030555555555556
4 0.7279765625 0.429875 0.0253046875 0.09108333333333334
4 0.3401015625 0.43118055555555557 0.0397421875 0.11355555555555556
4 0.4986484375 0.43266666666666664 0.0235078125 0.10481944444444444
3 0.57003125 0.4470694444444444 0.0236640625 0.11679166666666667
4 0.4506796875 0.4829027777777778 0.041523437499999996 0.15181944444444445
3 0.551921875 0.48362499999999997 0.0658125 0.19373611111111114
3 0.43278125 0.49013888888888885 0.0495546875 0.17927777777777779
5 0.1265625 0.49151388888888886 0.0331328125 0.17719444444444443
3 0.713765625 0.49918055555555557 0.05115625 0.15108333333333335
3 0.7645859374999999 0.5656805555555556 0.059273437500000005 0.20313888888888887
3 0.6684296875 0.6126666666666667 0.0548359375 0.24506944444444442
3 0.3437421875 0.6527916666666667 0.0609609375 0.3195277777777778