5 0.5015390625 0.3482638888888889 0.0321015625 0.1582638888888889
2 0.42522656249999996 0.3786388888888889 0.013835937500000001 0.023930555555555556
4 0.37703125000000004 0.5245277777777778 0.0442421875 0.16597222222222222
3 0.54625 0.5816111111111111 0.034585937500000004 0.14981944444444445
4 0.19130468750000001 0.5922083333333333 0.048578125 0.15015277777777777
3 0.7600625 0.5942916666666667 0.065078125 0.12091666666666667
3 0.8655703125 0.6461805555555555 0.059984375 0.1415
4 0.246296875 0.6482361111111111 0.0580390625 0.18604166666666666
4 0.41839843749999994 0.6577777777777778 0.046171875 0.1894722222222222
3 0.5187734374999999 0.6707222222222222 0.0314453125 0.13604166666666667
4 0.3126015625 0.733736111111111 0.0497265625 0.1894722222222222
3 0.8925859375 0.7375138888888889 0.070125 0.18266666666666667
4 0.3497890625 0.7703888888888888 0.083890625 0.2573888888888889
3 0.5138046875 0.7710277777777778 0.037015625 0.18080555555555555
5 0.5104765625 0.895 0.046164062500000005 0.1512777777777778