5 0.5021171875 0.351 0.0311875 0.16112500000000002
2 0.610234375 0.37440277777777775 0.0097421875 0.024069444444444442
3 0.746609375 0.5720972222222223 0.0456953125 0.14923611111111112
4 0.22671875 0.5863611111111111 0.05207031250000001 0.1592222222222222
4 0.4503515625 0.5867083333333334 0.0284921875 0.17275
3 0.862859375 0.6392361111111111 0.05387499999999999 0.1646111111111111
3 0.619890625 0.6501527777777778 0.0438671875 0.21395833333333336
4 0.4675546875 0.6729027777777777 0.041609375 0.21195833333333336
4 0.23071875 0.6869305555555555 0.0372421875 0.18593055555555557
3 0.580984375 0.7298194444444445 0.0629765625 0.1921111111111111
4 0.281578125 0.7450833333333334 0.042749999999999996 0.1899861111111111
4 0.46498437499999995 0.7493055555555556 0.028484375 0.2187222222222222
3 0.7782265625 0.7553055555555557 0.052507812499999994 0.21637499999999998
3 0.65890625 0.8295277777777778 0.077765625 0.21920833333333334
5 0.489421875 0.8952361111111112 0.07575 0.15711111111111112