5 0.50225 0.3509722222222222 0.030867187499999997 0.16097222222222224
2 0.6161640625 0.44379166666666664 0.011109375000000001 0.035111111111111114
3 0.7542890625 0.574125 0.0531015625 0.14580555555555555
4 0.22923437500000002 0.5823333333333333 0.0462890625 0.12986111111111112
4 0.45385156249999997 0.5885972222222222 0.0318515625 0.1696527777777778
3 0.6200703125 0.6345555555555555 0.0431328125 0.2263888888888889
3 0.8514062499999999 0.6381527777777778 0.07521875 0.16930555555555557
4 0.46666406250000003 0.6711666666666667 0.039859375 0.2179861111111111
4 0.209421875 0.6853611111111111 0.051359375 0.1892638888888889
3 0.5686718749999999 0.7355277777777778 0.046640625000000005 0.191375
4 0.27966406250000003 0.7462222222222222 0.043789062499999996 0.1861388888888889
4 0.46558593750000005 0.7485138888888888 0.027921875000000002 0.21833333333333332
3 0.779375 0.7563888888888889 0.0536484375 0.20720833333333333
3 0.65540625 0.8283333333333333 0.07711718749999999 0.21775
5 0.4877734375 0.8950555555555556 0.0742734375 0.15540277777777778