5 0.5022734375 0.35241666666666666 0.031734374999999995 0.16162500000000002
2 0.6024296875 0.41108333333333336 0.014093749999999999 0.02272222222222222
3 0.7417265625 0.5725833333333333 0.03571875 0.14652777777777778
4 0.25753906249999997 0.5831388888888889 0.0588984375 0.1356111111111111
4 0.453890625 0.6125 0.037375000000000005 0.16681944444444444
3 0.776828125 0.6235833333333334 0.06096875 0.18077777777777776
3 0.5499140625 0.6745833333333333 0.0502734375 0.21730555555555556
3 0.620234375 0.677625 0.0402109375 0.19676388888888888
4 0.13096093749999999 0.6786527777777778 0.052000000000000005 0.18465277777777775
4 0.4560859375 0.697388888888889 0.039671875 0.19840277777777776
4 0.46778125 0.7460694444444443 0.025453125 0.20880555555555555
3 0.7419374999999999 0.7594444444444444 0.051984375000000006 0.2135
4 0.2768671875 0.7637083333333333 0.048234375 0.19134722222222222
3 0.60396875 0.7988333333333333 0.0543359375 0.20398611111111112
5 0.4721796875 0.8905972222222223 0.076875 0.16868055555555556