5 0.5026328125 0.35236111111111107 0.031640625 0.161
2 0.5975234375 0.405375 0.0135703125 0.025958333333333337
3 0.7307578125 0.5741805555555556 0.032210937499999995 0.15041666666666667
4 0.256671875 0.5874861111111112 0.061828125 0.125375
4 0.447203125 0.6149861111111111 0.0445 0.15925
3 0.762875 0.6303472222222223 0.0417421875 0.17931944444444448
3 0.6260234375 0.67025 0.0456171875 0.18481944444444443
3 0.54425 0.6743750000000001 0.0445859375 0.21691666666666667
4 0.11822656250000001 0.6811944444444444 0.0541484375 0.17904166666666665
4 0.4576015625 0.6985694444444445 0.03609375 0.20059722222222223
4 0.47034374999999995 0.7396944444444445 0.0229765625 0.2203888888888889
3 0.72740625 0.7603611111111112 0.0791484375 0.20912499999999998
4 0.2793046875 0.7715972222222222 0.050187499999999996 0.19355555555555556
3 0.5895234375 0.7926944444444445 0.051039062499999996 0.20775000000000002
5 0.4693515625 0.890361111111111 0.0754375 0.16627777777777777