5 0.5024609375 0.35241666666666666 0.032453125 0.16472222222222221
2 0.5874453125 0.42604166666666665 0.013453125 0.02725
3 0.71659375 0.5795694444444445 0.0338203125 0.15618055555555557
4 0.24953906250000002 0.581 0.06607031249999999 0.14276388888888888
4 0.4389765625 0.6153611111111111 0.046406249999999996 0.16025
3 0.7313515625 0.6287777777777778 0.0345078125 0.17001388888888888
4 0.097984375 0.6747361111111111 0.061281249999999995 0.17244444444444443
3 0.6335468750000001 0.6796249999999999 0.058984375 0.17406944444444444
3 0.5335703125 0.7054444444444444 0.0416015625 0.20701388888888891
4 0.4629921875 0.7223333333333334 0.0253515625 0.21555555555555553
3 0.5899687499999999 0.736361111111111 0.06378906250000001 0.26395833333333335
4 0.4711171875 0.7444999999999999 0.0196328125 0.22491666666666665
3 0.7145312500000001 0.7603611111111112 0.0663046875 0.2037638888888889
4 0.2915234375 0.7768333333333334 0.0489140625 0.18465277777777775
5 0.460359375 0.8915277777777777 0.067671875 0.17081944444444444