5 0.5038750000000001 0.3545138888888889 0.0307734375 0.1605
3 0.668265625 0.6070972222222223 0.0552890625 0.1436527777777778
4 0.2197109375 0.6112222222222222 0.0650546875 0.14181944444444444
4 0.40075781250000003 0.6345555555555555 0.0658359375 0.16012500000000002
2 0.2873359375 0.655875 0.023570312500000003 0.01963888888888889
3 0.6785546874999999 0.6604027777777778 0.0527109375 0.19718055555555555
4 0.46482812500000004 0.6613194444444445 0.0514140625 0.20541666666666666
3 0.5928515625 0.6748194444444444 0.049085937499999996 0.18208333333333332
4 0.47113281249999994 0.6867083333333334 0.040859374999999996 0.2671805555555556
3 0.54628125 0.6885416666666667 0.043953124999999996 0.15097222222222223
4 0.0653125 0.6985972222222222 0.0475703125 0.17568055555555556
3 0.5698203125 0.7685972222222222 0.037515625000000004 0.19855555555555557
3 0.6669765625 0.7896388888888889 0.043953124999999996 0.18666666666666668
4 0.3180234375 0.7953611111111111 0.0377890625 0.17430555555555555
5 0.4572421875 0.8919027777777777 0.057343750000000006 0.1733888888888889