5 0.6592578125 0.3505972222222222 0.0370703125 0.15220833333333333
3 0.816546875 0.5959861111111111 0.0445 0.17402777777777778
4 0.359609375 0.5976111111111111 0.037578125000000004 0.15265277777777778
4 0.540125 0.5983472222222223 0.029906250000000002 0.16672222222222224
3 0.710484375 0.6686527777777778 0.0420234375 0.2085138888888889
3 0.8460546875 0.6764444444444445 0.03825 0.21791666666666668
3 0.7417734375 0.6770138888888889 0.0546015625 0.19531944444444443
2 0.005828125 0.6793472222222222 0.01165625 0.035222222222222224
4 0.21374218749999999 0.7289166666666668 0.0422890625 0.138125
4 0.5977734375 0.7377222222222222 0.057109375 0.21995833333333334
3 0.8399531250000001 0.7596805555555556 0.068609375 0.213875
4 0.4724375 0.760375 0.0395390625 0.21511111111111111
4 0.60853125 0.7715972222222222 0.05339843749999999 0.21202777777777776
3 0.7623515624999999 0.7790972222222223 0.0507265625 0.21841666666666665
5 0.6038281249999999 0.893 0.0454765625 0.17595833333333333