5 0.7041015625 0.35672222222222216 0.04059375 0.16109722222222222
3 0.8707421875 0.5956944444444444 0.034875 0.18197222222222223
4 0.4038046875 0.6002361111111111 0.0228359375 0.16859722222222223
4 0.5755546875 0.6058611111111112 0.048421874999999996 0.18518055555555557
3 0.7613046875 0.6647361111111111 0.0502265625 0.2087361111111111
3 0.8918125 0.6674027777777778 0.045109375 0.21622222222222223
3 0.8079609375000001 0.6682083333333334 0.0369765625 0.18143055555555554
4 0.6160390625 0.7391249999999999 0.0469140625 0.22479166666666667
4 0.5084140625 0.7431388888888888 0.041796875 0.21033333333333332
4 0.2596015625 0.7436805555555556 0.027664062499999996 0.15038888888888888
3 0.9032500000000001 0.758125 0.0457109375 0.22425
4 0.6232656249999999 0.7757916666666668 0.049921875 0.20926388888888886
3 0.8285859375 0.7864861111111111 0.0456953125 0.2296111111111111
5 0.6411796875 0.894875 0.052031249999999994 0.17233333333333334