5 0.7136328125 0.35623611111111114 0.0575390625 0.16252777777777777
4 0.5557578125 0.607 0.0278203125 0.18758333333333332
4 0.4105625 0.6145138888888889 0.0406640625 0.17255555555555555
3 0.8792500000000001 0.6147916666666666 0.040625 0.18980555555555556
3 0.7797031249999999 0.6657222222222222 0.040023437499999995 0.21708333333333335
3 0.8956875 0.6673888888888888 0.0453125 0.2115138888888889
3 0.8266562499999999 0.6787916666666667 0.042515625 0.18312499999999998
4 0.598265625 0.7283333333333333 0.058499999999999996 0.20984722222222224
4 0.26465625 0.7344583333333332 0.036265625 0.17422222222222222
4 0.50825 0.7355694444444445 0.03878125 0.20984722222222224
3 0.90978125 0.7475416666666667 0.066765625 0.2259861111111111
3 0.850765625 0.7673055555555556 0.0663046875 0.24658333333333332
4 0.6215859375 0.76925 0.041281250000000005 0.20818055555555554
5 0.6301953124999999 0.8914305555555556 0.0472265625 0.1708888888888889