5 0.7159609375 0.3566944444444444 0.05975781249999999 0.16090277777777778
4 0.5430859375 0.6119583333333334 0.0386015625 0.18041666666666667
3 0.885078125 0.6164722222222222 0.04084375 0.1887361111111111
4 0.4142421875 0.6164722222222222 0.0404375 0.17283333333333334
3 0.7831796875 0.6678194444444444 0.0473515625 0.21043055555555554
3 0.8967656249999999 0.6689027777777778 0.043078125 0.20970833333333336
3 0.8348437499999999 0.6792083333333333 0.033125 0.188375
4 0.5860937500000001 0.7233194444444444 0.052234375 0.21875
4 0.5068828125 0.725125 0.0459296875 0.2050138888888889
3 0.919140625 0.7301944444444445 0.056499999999999995 0.25706944444444446
3 0.84928125 0.7316388888888888 0.048570312500000004 0.25056944444444446
4 0.27025 0.7375972222222222 0.035148437500000004 0.1981388888888889
4 0.618640625 0.7632777777777777 0.0428671875 0.19669444444444445
5 0.6269843749999999 0.8909027777777778 0.044101562500000004 0.17355555555555555