5 0.7411953125 0.3309583333333333 0.01759375 0.107125
4 0.3960703125 0.402875 0.0140234375 0.07259722222222223
4 0.5776171875 0.40826388888888887 0.028429687500000002 0.06316666666666666
4 0.4314609375 0.4092777777777778 0.031203124999999998 0.06248611111111112
4 0.599609375 0.416625 0.0241328125 0.07895833333333334
5 0.262234375 0.42386111111111113 0.0166484375 0.11416666666666667
3 0.52296875 0.4240277777777778 0.0305546875 0.1334027777777778
3 0.533953125 0.4293055555555556 0.028187499999999997 0.13227777777777777
3 0.5342109374999999 0.46593055555555557 0.049812499999999996 0.11804166666666666
3 0.6175234374999999 0.46818055555555554 0.034328125 0.143
3 0.4080234375 0.7416250000000001 0.08560156249999999 0.51675