5 0.741515625 0.33006944444444447 0.017921875 0.10683333333333334
4 0.39635937499999996 0.4049861111111111 0.0148046875 0.07256944444444445
4 0.5772890625 0.4086527777777778 0.02703125 0.064
4 0.4325859375 0.4101111111111111 0.0326796875 0.06566666666666666
4 0.6002265625 0.4174305555555556 0.0244375 0.07905555555555556
3 0.5228671874999999 0.42283333333333334 0.0309453125 0.1294861111111111
5 0.2620625 0.4259583333333333 0.015890625 0.11393055555555556
3 0.53421875 0.4301111111111111 0.028109375 0.132625
3 0.5345 0.46704166666666663 0.05053125000000001 0.11727777777777777
3 0.61846875 0.46852777777777777 0.034953125 0.14347222222222222
3 0.4178125 0.7509305555555555 0.0754453125 0.4981388888888889