5 0.74134375 0.3330416666666667 0.018062500000000002 0.10843055555555554
4 0.3983046875 0.40673611111111113 0.0145546875 0.06931944444444443
4 0.43118749999999995 0.4091388888888889 0.032625 0.06118055555555555
4 0.5775859375 0.4096666666666666 0.0278125 0.06388888888888888
4 0.6001875 0.41905555555555557 0.024640625 0.07766666666666668
3 0.5253515625 0.4237361111111111 0.03571875 0.12744444444444444
5 0.2621328125 0.4251388888888889 0.015515625 0.11309722222222224
3 0.53425 0.4304305555555556 0.0288125 0.13329166666666667
3 0.535984375 0.4682222222222222 0.0531015625 0.11679166666666667
3 0.6185859375 0.46994444444444444 0.034359375 0.14222222222222222
2 0.45143750000000005 0.5203472222222222 0.0239140625 0.05859722222222222
3 0.42778124999999995 0.6879583333333333 0.07718749999999999 0.43183333333333335