2 0.4393671875 0.22545833333333334 0.0237421875 0.04641666666666667
5 0.741046875 0.34168055555555554 0.017515625 0.10800000000000001
4 0.577203125 0.41508333333333336 0.0281171875 0.06651388888888889
4 0.40147656249999997 0.4152083333333333 0.0135546875 0.07086111111111111
4 0.4315546875 0.4140416666666667 0.030328125 0.06155555555555556
4 0.59728125 0.42170833333333335 0.020203125 0.08626388888888889
5 0.2619140625 0.43112500000000004 0.015351562499999999 0.11297222222222222
3 0.52571875 0.43333333333333335 0.0376953125 0.13061111111111112
3 0.5334765625 0.43819444444444444 0.029171875000000003 0.1343888888888889
3 0.624125 0.44063888888888886 0.0306875 0.10680555555555557
3 0.54609375 0.47579166666666667 0.041640625 0.11870833333333333
3 0.616390625 0.48000000000000004 0.031609375 0.1440972222222222
3 0.4346875 0.6150416666666666 0.083234375 0.3410972222222222