2 0.4351015625 0.21369444444444446 0.0227734375 0.043430555555555556
5 0.7405625 0.34865277777777776 0.017218749999999998 0.10755555555555556
4 0.5771484375 0.42118055555555556 0.0275859375 0.07125
4 0.6247109375 0.42176388888888894 0.016273437499999998 0.08308333333333333
4 0.590953125 0.42456944444444444 0.014945312499999999 0.0963888888888889
5 0.2621953125 0.43920833333333337 0.016171875 0.1125
3 0.525921875 0.4396527777777778 0.037890625 0.12713888888888888
3 0.532828125 0.4461527777777778 0.028078125 0.1318611111111111
3 0.6299453125000001 0.44837499999999997 0.0300625 0.1067361111111111
3 0.548453125 0.4825277777777778 0.045703125 0.11944444444444445
3 0.614765625 0.4863194444444444 0.028953125000000003 0.14734722222222224
3 0.4184140625 0.5532222222222222 0.0640390625 0.40508333333333335