2 0.468265625 0.2884305555555555 0.017374999999999998 0.02377777777777778
5 0.7415 0.36745833333333333 0.0178828125 0.10865277777777778
4 0.42907812500000003 0.42990277777777774 0.017515625 0.07069444444444445
4 0.576078125 0.437 0.025328125 0.07502777777777778
4 0.415796875 0.4371527777777778 0.015265625 0.08273611111111111
4 0.58728125 0.43777777777777777 0.01890625 0.09447222222222222
4 0.6331171875 0.4380833333333334 0.01784375 0.07594444444444444
5 0.2611484375 0.45648611111111115 0.016273437499999998 0.1151388888888889
3 0.52840625 0.46216666666666667 0.0435546875 0.13090277777777778
3 0.6331953125 0.4660833333333333 0.024953125 0.10943055555555556
3 0.519984375 0.46618055555555554 0.0242890625 0.13275
3 0.5724609375 0.49895833333333334 0.0375625 0.12893055555555555
3 0.614609375 0.5134027777777778 0.028000000000000004 0.15638888888888888
3 0.41328906249999997 0.5778888888888889 0.0678359375 0.32272222222222224