2 0.48338281250000004 0.29200000000000004 0.014835937499999998 0.022
5 0.7443906250000001 0.3696527777777777 0.018789062500000002 0.10848611111111112
4 0.43024218750000004 0.43280555555555555 0.024898437500000002 0.07504166666666667
4 0.587015625 0.4381666666666667 0.015421874999999998 0.0911111111111111
4 0.5769375 0.4401805555555556 0.0265390625 0.07504166666666667
4 0.41875 0.44402777777777774 0.0191875 0.09547222222222221
4 0.63478125 0.44822222222222224 0.018984375 0.09044444444444445
5 0.2581171875 0.4610138888888889 0.015734375000000002 0.11502777777777777
3 0.5294531250000001 0.4648055555555556 0.0419921875 0.13030555555555554
3 0.6323359375 0.4691527777777778 0.020499999999999997 0.1108888888888889
3 0.51334375 0.4699861111111111 0.0372890625 0.134
3 0.5801484375 0.5003055555555556 0.0450078125 0.13433333333333333
3 0.6166015625 0.5190694444444445 0.029734375 0.16045833333333334
3 0.41096093749999996 0.6078611111111112 0.07540625 0.32069444444444445