2 0.5060390625 0.35250000000000004 0.007703125 0.015805555555555555
5 0.767625 0.37220833333333336 0.01859375 0.11811111111111113
4 0.418921875 0.43575 0.0174296875 0.0921111111111111
4 0.58621875 0.44469444444444445 0.024453125 0.106625
4 0.5128671875 0.44740277777777776 0.0326171875 0.06815277777777778
4 0.44310937499999997 0.4620694444444444 0.0343125 0.111
3 0.541796875 0.47051388888888884 0.038109375 0.148125
5 0.23420312499999998 0.47194444444444444 0.0203671875 0.12463888888888888
3 0.49312500000000004 0.47944444444444445 0.0235 0.15115277777777777
3 0.655953125 0.4811388888888889 0.03753125 0.11336111111111112
3 0.632140625 0.5395138888888888 0.0312734375 0.176125
3 0.38396093750000004 0.6423055555555556 0.09085156250000001 0.30106944444444445