5 0.7982265625 0.364625 0.021421875 0.13172222222222224
2 0.50834375 0.42586111111111113 0.0079609375 0.015319444444444443
4 0.598015625 0.4376388888888889 0.0278984375 0.09866666666666668
4 0.397171875 0.43756944444444446 0.0348515625 0.08358333333333333
4 0.5809453125 0.442625 0.03778125 0.11186111111111112
3 0.5112421875 0.44381944444444443 0.036617187499999995 0.08297222222222222
4 0.4506328125 0.4693611111111111 0.0179140625 0.11279166666666665
3 0.551484375 0.4788055555555556 0.04721875 0.15143055555555557
5 0.1995 0.47931944444444446 0.029265625 0.14172222222222222
3 0.474640625 0.48194444444444445 0.0406484375 0.158625
3 0.6838046875 0.5273333333333333 0.052515624999999996 0.16761111111111113
3 0.646390625 0.5648611111111111 0.037351562500000005 0.20491666666666666
3 0.3656171875 0.6504583333333334 0.0718828125 0.3274722222222222