2 0.49887499999999996 0.33329166666666665 0.008890625000000001 0.02626388888888889
5 0.8259375 0.35220833333333335 0.0244609375 0.14966666666666667
4 0.592859375 0.42666666666666664 0.0231875 0.11145833333333334
4 0.3743203125 0.4282777777777778 0.022664062500000002 0.09434722222222224
4 0.5818046875 0.4361527777777777 0.0328046875 0.12765277777777778
4 0.50353125 0.4349166666666667 0.0309140625 0.09481944444444444
4 0.70159375 0.44099999999999995 0.027796875 0.10406944444444445
4 0.442875 0.4745277777777778 0.029679687500000003 0.12765277777777778
3 0.5548828125 0.47984722222222226 0.0486640625 0.16697222222222222
3 0.462359375 0.4737361111111111 0.047375 0.180375
5 0.1627734375 0.4810416666666667 0.032695312500000004 0.15670833333333334
3 0.6950937500000001 0.4886388888888889 0.040281250000000005 0.14106944444444444
3 0.7069296875 0.5409027777777777 0.058750000000000004 0.18269444444444444
3 0.6559375000000001 0.5853055555555555 0.0421015625 0.22431944444444443
3 0.3531328125 0.6517222222222222 0.0705546875 0.34358333333333335