3 0.5019765625 0.3467777777777778 0.03360937499999998 0.15941666666666662
0 0.416546875 0.3667222222222222 0.014945312500000085 0.026333333333333344
1 0.3633515625 0.5207083333333333 0.032828124999999986 0.1540555555555555
1 0.542078125 0.5709305555555555 0.033203125 0.14015277777777774
1 0.7596328125 0.5898888888888889 0.06524218749999999 0.12994444444444436
1 0.18096874999999998 0.5931111111111111 0.05802343749999998 0.16329166666666672
1 0.86453125 0.6431805555555554 0.058218749999999986 0.1489305555555555
1 0.22559374999999998 0.6470277777777778 0.05887500000000001 0.18486111111111106
1 0.41100000000000003 0.6531944444444444 0.060539062500000004 0.18486111111111114
1 0.5163046875 0.6765416666666667 0.035453125000000085 0.17070833333333338
1 0.87746875 0.731513888888889 0.05123437499999994 0.1722916666666666
1 0.3282578125 0.7348472222222223 0.05276562499999997 0.17870833333333336
1 0.5148125 0.7690972222222222 0.03926562499999999 0.1733194444444444
1 0.342984375 0.7979999999999999 0.09435156249999999 0.19719444444444448
3 0.5106328125 0.8958333333333334 0.04317187499999999 0.1555972222222222