3 0.5015390625 0.3482638888888889 0.03210156249999994 0.15826388888888893
0 0.42522656249999996 0.3786388888888889 0.013835937500000029 0.02393055555555558
1 0.37703125000000004 0.5245277777777778 0.044242187499999995 0.16597222222222222
1 0.54625 0.5816111111111111 0.03458593749999998 0.14981944444444445
1 0.19130468750000001 0.5922083333333333 0.048578124999999986 0.1501527777777778
1 0.7600625 0.5942916666666667 0.06507812499999996 0.12091666666666659
1 0.8655703125 0.6461805555555555 0.05998437500000016 0.14150000000000007
1 0.246296875 0.6482361111111111 0.058039062499999974 0.18604166666666672
1 0.41839843749999994 0.6577777777777778 0.04617187499999997 0.18947222222222224
1 0.5187734374999999 0.6707222222222222 0.0314453125 0.13604166666666664
1 0.3126015625 0.733736111111111 0.04972656249999998 0.18947222222222224
1 0.8925859375 0.7375138888888889 0.07012500000000017 0.18266666666666664
1 0.3497890625 0.7703888888888888 0.083890625 0.2573888888888888
1 0.5138046875 0.7710277777777778 0.03701562500000009 0.18080555555555564
3 0.5104765625 0.895 0.046164062499999936 0.15127777777777787