3 0.5014453125 0.34781944444444446 0.03207031249999996 0.1587777777777778
0 0.432140625 0.3998888888888889 0.011632812500000079 0.022069444444444426
1 0.3864296875 0.531875 0.04374218750000001 0.16186111111111107
1 0.5585234375 0.5858333333333333 0.04807812499999997 0.14484722222222218
1 0.2061640625 0.5939305555555555 0.04555468749999998 0.1482638888888889
1 0.760625 0.5956250000000001 0.06606249999999995 0.11494444444444443
1 0.8666015625 0.6451111111111112 0.05532812500000013 0.12834722222222217
1 0.2561171875 0.6535555555555554 0.04275781250000001 0.1854166666666666
1 0.424609375 0.6638333333333333 0.040000000000000036 0.19983333333333334
1 0.5144609375 0.6860972222222222 0.03532812500000002 0.1659861111111111
1 0.296921875 0.7291111111111112 0.056289062499999966 0.18859722222222217
1 0.37053906249999996 0.7459444444444445 0.06910156249999999 0.283375
1 0.897625 0.7487222222222223 0.07271093750000013 0.19638888888888895
1 0.512578125 0.7634166666666666 0.03272656250000008 0.19174999999999992
3 0.51028125 0.894861111111111 0.04494531249999998 0.14997222222222226