3 0.5016328125 0.348125 0.03171874999999993 0.15680555555555561
0 0.44453125 0.4340694444444444 0.013648437500000022 0.026944444444444413
1 0.3943515625 0.5369305555555555 0.04264062499999999 0.15869444444444444
1 0.5711875 0.5894444444444444 0.05798437500000002 0.14990277777777786
1 0.7610390625 0.5942916666666667 0.06605468749999996 0.11798611111111118
1 0.214875 0.598125 0.044992187500000023 0.15815277777777778
1 0.8673515625 0.6493472222222222 0.056421874999999844 0.13926388888888885
1 0.2652734375 0.6549027777777777 0.03743749999999997 0.1799722222222222
1 0.4281796875 0.6648472222222223 0.03899218750000007 0.19987499999999997
1 0.5169453125000001 0.6979027777777778 0.03195312500000007 0.2102777777777778
1 0.3978671875 0.7252361111111111 0.053828125000000025 0.2678888888888888
1 0.5110781249999999 0.7277777777777777 0.024171875000000044 0.27204166666666657
1 0.285953125 0.7284722222222222 0.06371874999999996 0.18645833333333334
1 0.8940234374999999 0.7428055555555556 0.06656249999999986 0.1892361111111111
3 0.510375 0.8949444444444444 0.04592968749999997 0.1527083333333334