0 0.5573750000000001 0.2650972222222222 0.011484375000000036 0.028944444444444408
3 0.501515625 0.34788888888888886 0.031570312500000065 0.15919444444444442
1 0.42731250000000004 0.5760972222222223 0.047226562500000034 0.1747777777777778
1 0.6696484375 0.59475 0.06287500000000001 0.15863888888888894
1 0.2710859375 0.615625 0.04160937499999999 0.15584722222222228
1 0.8553046875 0.6490138888888889 0.056601562499999855 0.19147222222222224
1 0.43529687499999997 0.669888888888889 0.05505468750000002 0.21429166666666669
1 0.5805703125 0.6971666666666666 0.04377343749999998 0.18647222222222212
1 0.2558984375 0.7308472222222223 0.03629687500000003 0.1948194444444444
1 0.3513828125 0.7467083333333333 0.03752343749999998 0.19202777777777777
1 0.6973515625 0.7480972222222222 0.0631796875000001 0.20705555555555552
1 0.606390625 0.7625694444444444 0.056601562500000036 0.22152777777777777
1 0.4639375 0.7706388888888889 0.03845312500000002 0.22431944444444443
1 0.5484765625 0.7725833333333333 0.05661718750000002 0.23044444444444448
3 0.51153125 0.895875 0.05848437499999992 0.14973611111111104