0 0.5926796875 0.20120833333333335 0.01316406249999993 0.02541666666666668
3 0.5019453125 0.34825 0.03186718749999997 0.1622916666666667
1 0.713546875 0.5691527777777778 0.039304687499999956 0.17713888888888885
1 0.4350078125 0.585 0.054007812500000085 0.18065277777777786
1 0.25215624999999997 0.6026111111111111 0.02798437500000004 0.16858333333333334
1 0.8891796875000001 0.6453888888888889 0.06957812499999996 0.18065277777777786
1 0.45934375000000005 0.6557083333333333 0.032492187499999936 0.19323611111111103
1 0.6168828125 0.665513888888889 0.03958593750000006 0.17865277777777777
1 0.292625 0.7080416666666667 0.04156250000000004 0.19626388888888896
1 0.27847656249999997 0.7334583333333333 0.03421093749999997 0.19977777777777775
1 0.6225390625 0.7477916666666666 0.054296875 0.20934722222222224
1 0.7640703125 0.7508194444444445 0.06279687500000009 0.21337499999999993
1 0.4536875 0.7689305555555556 0.03816406249999993 0.22645833333333326
1 0.6218281250000001 0.7955972222222223 0.06646093749999996 0.24155555555555558
3 0.5096406250000001 0.89575 0.07321093750000003 0.14822222222222226