3 0.5024609375 0.35241666666666666 0.03245312499999997 0.16472222222222224
0 0.5874453125 0.42604166666666665 0.01345312500000002 0.027250000000000007
1 0.71659375 0.5795694444444445 0.03382031249999997 0.15618055555555563
1 0.24953906250000002 0.581 0.06607031250000003 0.14276388888888883
1 0.4389765625 0.6153611111111111 0.04640625000000007 0.16025
1 0.7313515625 0.6287777777777778 0.034507812500000054 0.17001388888888894
1 0.09798437499999998 0.6747361111111111 0.06128124999999999 0.1724444444444444
1 0.6335468750000001 0.6796249999999999 0.058984375 0.1740694444444445
1 0.5335703125 0.7054444444444444 0.0416015625 0.207013888888889
1 0.4629921875 0.7223333333333334 0.025351562500000036 0.2155555555555556
1 0.5899687499999999 0.736361111111111 0.06378906250000008 0.2639583333333333
1 0.4711171875 0.7444999999999999 0.019632812500000086 0.22491666666666674
1 0.7145312500000001 0.7603611111111112 0.0663046875000001 0.20376388888888894
1 0.2915234375 0.7768333333333334 0.04891406250000001 0.18465277777777783
3 0.460359375 0.8915277777777777 0.06767187499999991 0.17081944444444447