3 0.5027890625 0.35456944444444444 0.03212499999999992 0.16012500000000002
0 0.5763906249999999 0.4902083333333333 0.014101562499999965 0.028819444444444446
1 0.235796875 0.5849166666666666 0.06635156249999996 0.14686111111111114
1 0.705578125 0.5917777777777777 0.035218749999999945 0.1569166666666667
1 0.42507812500000003 0.6219722222222223 0.0625 0.1624166666666666
1 0.7024921875000001 0.6427916666666667 0.04808593749999997 0.18208333333333337
1 0.630171875 0.6759583333333333 0.05682031250000001 0.1779722222222222
1 0.0761171875 0.6807638888888888 0.06661718749999998 0.16012499999999996
1 0.4706171875 0.6823611111111111 0.03571875000000002 0.2804444444444444
1 0.531359375 0.7084444444444444 0.037789062499999915 0.20633333333333342
1 0.5793515625000001 0.7244583333333333 0.067375 0.21273611111111113
1 0.47229687499999995 0.7470972222222222 0.01847656250000007 0.25345833333333334
1 0.6874374999999999 0.7658611111111111 0.04421874999999993 0.20954166666666676
1 0.3019375 0.776611111111111 0.05194531250000001 0.18620833333333325
3 0.45222656250000004 0.8921250000000001 0.052976562499999956 0.17111111111111119