3 0.5062890624999999 0.3558888888888889 0.03150781249999994 0.1615555555555555
1 0.6689140625000001 0.6111805555555556 0.05347656250000003 0.15083333333333337
1 0.2231015625 0.6141805555555555 0.06560156250000002 0.13422222222222221
1 0.403015625 0.6313194444444445 0.06503125000000001 0.16773611111111117
1 0.6806875 0.6701805555555556 0.055078125 0.1784305555555556
1 0.596375 0.6782638888888889 0.03366406249999994 0.1774722222222222
1 0.5499453125 0.7025277777777776 0.04357812499999998 0.17462499999999995
1 0.0655 0.7049444444444445 0.039390625000000005 0.16155555555555562
1 0.46547656249999997 0.7075833333333333 0.039617187500000026 0.2880138888888889
1 0.4618515625 0.7082777777777778 0.054132812499999974 0.22856944444444452
0 0.1843046875 0.7225416666666666 0.01827343749999999 0.030055555555555617
1 0.5722890625 0.7712916666666667 0.041695312499999915 0.19412499999999996
1 0.67025 0.7860416666666667 0.040625 0.1950833333333334
1 0.323765625 0.79425 0.039773437499999974 0.17493055555555562
3 0.4605546875 0.8924444444444444 0.05832031250000007 0.16927777777777792