3 0.7410234375 0.3293888888888889 0.01701562499999998 0.10723611111111109
1 0.39653906250000004 0.4043333333333333 0.014867187500000023 0.07162500000000006
1 0.57734375 0.4080972222222222 0.027101562500000044 0.061777777777777806
1 0.43247656250000005 0.40925000000000006 0.033531250000000054 0.06293055555555564
1 0.599984375 0.41694444444444445 0.024687499999999928 0.07911111111111116
3 0.262125 0.42368055555555556 0.015781250000000035 0.11261111111111116
1 0.5225546875 0.4237083333333333 0.030460937500000007 0.13081944444444435
1 0.5338984375 0.42990277777777774 0.028609374999999916 0.1317083333333334
1 0.5346093749999999 0.4660416666666667 0.05041406249999998 0.11711111111111118
1 0.6178671875 0.4691944444444444 0.03499218749999997 0.14213888888888893
1 0.4142265625 0.7532083333333333 0.07974999999999999 0.49358333333333343