3 0.74134375 0.3330416666666667 0.018062499999999915 0.10843055555555554
1 0.3983046875 0.40673611111111113 0.014554687499999996 0.0693194444444444
1 0.43118749999999995 0.4091388888888889 0.032624999999999994 0.061180555555555495
1 0.5775859375 0.4096666666666666 0.027812499999999928 0.06388888888888888
1 0.6001875 0.41905555555555557 0.02464062499999997 0.0776666666666666
1 0.5253515625 0.4237361111111111 0.03571875000000002 0.12744444444444444
3 0.2621328125 0.4251388888888889 0.01551562500000001 0.11309722222222231
1 0.53425 0.4304305555555556 0.028812500000000085 0.1332916666666667
1 0.535984375 0.4682222222222222 0.05310156250000002 0.11679166666666671
1 0.6185859375 0.46994444444444444 0.03435937500000001 0.1422222222222222
0 0.45143750000000005 0.5203472222222222 0.023914062499999923 0.0585972222222223
1 0.42778124999999995 0.6879583333333333 0.07718749999999996 0.4318333333333333