0 0.44186718750000004 0.26355555555555554 0.023890624999999943 0.04834722222222222
3 0.7408046875000001 0.33861111111111114 0.01755468750000002 0.10845833333333338
1 0.5768984374999999 0.4128055555555556 0.026218749999999957 0.06252777777777775
1 0.399765625 0.4136944444444445 0.015117187500000018 0.06831944444444452
1 0.4355390625 0.4138611111111111 0.027085937500000056 0.0627083333333333
1 0.598125 0.42220833333333335 0.020851562500000042 0.08183333333333327
1 0.5251640625 0.4296111111111111 0.03592968750000001 0.1301666666666667
3 0.2623203125 0.42969444444444443 0.01584374999999998 0.11355555555555555
1 0.5332656250000001 0.43593055555555554 0.03004687500000003 0.13438888888888886
1 0.6216953125 0.43769444444444444 0.028335937499999984 0.10840277777777771
1 0.5405234375 0.4744305555555555 0.05011718750000007 0.11938888888888893
1 0.616296875 0.4759722222222222 0.032234374999999996 0.1428194444444445
1 0.43813281249999997 0.6070833333333334 0.08638281249999995 0.35287499999999994