0 0.4940546875 0.30359722222222224 0.011164062499999971 0.019444444444444445
3 0.7479296875 0.37070833333333336 0.018515625000000036 0.1098055555555556
1 0.42893749999999997 0.43726388888888884 0.029085937500000013 0.07734722222222214
1 0.585609375 0.4408888888888889 0.03049999999999997 0.0893333333333334
1 0.58009375 0.44145833333333334 0.028125 0.07354166666666673
1 0.42356249999999995 0.4455 0.022007812500000057 0.09116666666666665
3 0.254640625 0.46365277777777775 0.016367187500000036 0.1193194444444444
1 0.533734375 0.4678333333333333 0.035914062500000024 0.13091666666666665
1 0.63346875 0.47245833333333337 0.02225781250000001 0.10781944444444444
1 0.5114296875 0.474375 0.04024999999999999 0.13630555555555554
1 0.5864765625 0.5036388888888889 0.04869531249999994 0.14015277777777774
1 0.6191796875 0.5252083333333333 0.03265624999999996 0.1617222222222223
1 0.40824218749999996 0.6232638888888888 0.08108593749999997 0.31070833333333336