0 0.5001796875 0.3185555555555556 0.010109375000000042 0.016736111111111125
3 0.7531640625 0.3732638888888889 0.019039062499999915 0.11218055555555553
1 0.5831953125 0.44334722222222217 0.027554687499999987 0.09051388888888884
1 0.42884374999999997 0.4557916666666667 0.019437500000000087 0.10818055555555553
1 0.538171875 0.46677777777777774 0.028367187499999957 0.1424305555555555
3 0.2493203125 0.46805555555555556 0.015867187499999956 0.11863888888888884
1 0.5081484374999999 0.4734583333333333 0.038507812499999974 0.14495833333333333
1 0.6371484374999999 0.4777777777777778 0.029250000000000043 0.1125
1 0.5999296875 0.5071666666666667 0.04640625000000007 0.1417083333333333
1 0.6224375 0.5313333333333333 0.03260937500000001 0.16262500000000005
1 0.398171875 0.6370694444444445 0.08172656250000002 0.3090555555555556