0 0.5045 0.3343333333333333 0.008851562499999943 0.0174722222222222
3 0.7600859375 0.37348611111111113 0.019343749999999993 0.1162638888888889
1 0.42277343749999996 0.43472222222222223 0.020937499999999963 0.08330555555555558
1 0.5852890625 0.44725 0.03132031249999993 0.10272222222222227
1 0.5121796875 0.44802777777777775 0.03203125 0.06483333333333327
1 0.43237500000000006 0.4582083333333334 0.026742187500000014 0.11087500000000006
1 0.5383671875 0.4665416666666667 0.030085937499999993 0.15084722222222224
3 0.24240625 0.46975000000000006 0.01793750000000003 0.12111111111111117
1 0.501171875 0.47705555555555557 0.03172656249999992 0.1463055555555556
1 0.6454765625000001 0.4785 0.03574999999999999 0.11127777777777778
1 0.6276328125 0.536625 0.03485156249999992 0.1661944444444444
1 0.38759375 0.6380277777777777 0.08562499999999998 0.30813888888888885