0 0.5060390625 0.35250000000000004 0.007703124999999922 0.01580555555555555
3 0.767625 0.37220833333333336 0.018593749999999964 0.1181111111111111
1 0.418921875 0.43575 0.017429687499999957 0.09211111111111102
1 0.58621875 0.44469444444444445 0.024453124999999964 0.10662499999999997
1 0.5128671875 0.44740277777777776 0.0326171875 0.06815277777777785
1 0.44310937499999997 0.4620694444444444 0.03431250000000006 0.11099999999999995
1 0.541796875 0.47051388888888884 0.03810937499999998 0.14812499999999998
3 0.23420312499999998 0.47194444444444444 0.02036718750000004 0.1246388888888889
1 0.49312500000000004 0.47944444444444445 0.023499999999999945 0.15115277777777783
1 0.655953125 0.4811388888888889 0.037531249999999974 0.11336111111111112
1 0.632140625 0.5395138888888888 0.03127343749999998 0.1761250000000001
1 0.38396093750000004 0.6423055555555556 0.09085156249999997 0.3010694444444445