3 0.775578125 0.3701527777777778 0.019468750000000055 0.12094444444444447
1 0.41266406250000004 0.4346388888888889 0.024671874999999944 0.09129166666666669
1 0.58396875 0.44187499999999996 0.020906249999999994 0.1068194444444444
1 0.5912734375 0.44280555555555556 0.025015624999999986 0.09423611111111115
1 0.5125078125 0.44762500000000005 0.03520312499999996 0.06961111111111112
1 0.658875 0.454375 0.028046875000000072 0.1044444444444445
1 0.44828124999999996 0.46730555555555553 0.027835937500000085 0.11056944444444447
1 0.5464687500000001 0.472125 0.045296875000000014 0.14376388888888889
3 0.22492968750000003 0.47455555555555556 0.02435937499999996 0.13125
1 0.48359375 0.47922222222222227 0.035812499999999935 0.15581944444444437
1 0.6637890625 0.4840138888888889 0.03849218749999998 0.11724999999999994
1 0.6357578125 0.5451944444444444 0.03272656250000008 0.17952777777777776
1 0.3750234375 0.6521805555555554 0.07133593749999996 0.3096805555555555