3 0.7982265625 0.364625 0.021421875000000055 0.13172222222222227
0 0.50834375 0.42586111111111113 0.007960937500000043 0.015319444444444406
1 0.598015625 0.4376388888888889 0.02789843750000003 0.09866666666666661
1 0.397171875 0.4390277777777778 0.03485156249999997 0.08358333333333326
1 0.5809453125 0.442625 0.03778124999999992 0.11186111111111106
1 0.5112421875 0.44381944444444443 0.03661718749999991 0.08297222222222224
1 0.4506328125 0.4693611111111111 0.01791406250000005 0.11279166666666672
1 0.551484375 0.4788055555555556 0.047218750000000045 0.1514305555555555
3 0.1995 0.47931944444444446 0.029265625000000007 0.14172222222222217
1 0.474640625 0.48194444444444445 0.04064843749999998 0.15862500000000004
1 0.6838046875 0.5273333333333333 0.052515625000000024 0.16761111111111104
1 0.646390625 0.5648611111111111 0.037351562499999956 0.2049166666666666
1 0.3656171875 0.6504583333333334 0.07188281249999999 0.3274722222222223