0 0.49563281249999996 0.2866388888888889 0.00873437500000005 0.022652777777777782
3 0.8399140624999999 0.3488472222222222 0.024390624999999843 0.1535416666666667
1 0.5904453125 0.4225833333333333 0.024937500000000057 0.11447222222222217
1 0.36284375 0.4278194444444444 0.02315624999999999 0.09486111111111105
1 0.573171875 0.43494444444444447 0.020835937500000058 0.13041666666666663
1 0.503953125 0.4351388888888889 0.032265624999999964 0.09652777777777778
1 0.712125 0.445125 0.027242187499999914 0.11758333333333329
1 0.556625 0.4812916666666666 0.04957031250000003 0.17683333333333323
3 0.1466484375 0.48491666666666666 0.03278906249999998 0.16333333333333336
1 0.44236718750000004 0.48619444444444443 0.051335937500000026 0.18347222222222226
1 0.7030703125 0.49086111111111114 0.043257812499999916 0.1465138888888889
1 0.736 0.5477777777777777 0.05242968749999992 0.1903749999999999
1 0.6594921874999999 0.5937361111111111 0.041671874999999935 0.2328333333333333
1 0.34215625 0.6603472222222222 0.0683671875 0.3560000000000001