0 0.48805468750000003 0.21302777777777776 0.009312500000000057 0.023458333333333314
3 0.8561406249999999 0.3472361111111111 0.02433593750000007 0.15983333333333336
1 0.5818984375 0.42826388888888894 0.03364062499999996 0.1103055555555555
1 0.7279765625 0.429875 0.02530468750000008 0.09108333333333339
1 0.3401015625 0.43118055555555557 0.039742187500000005 0.11355555555555555
1 0.4986484375 0.43266666666666664 0.023507812499999937 0.10481944444444448
1 0.57003125 0.4470694444444444 0.02366406249999997 0.11679166666666671
1 0.4506796875 0.4829027777777778 0.04152343750000007 0.15181944444444453
1 0.551921875 0.48362499999999997 0.06581250000000001 0.19373611111111114
1 0.43278125 0.49013888888888885 0.04955468750000005 0.17927777777777784
3 0.1265625 0.49151388888888886 0.033132812499999977 0.1771944444444445
1 0.713765625 0.49918055555555557 0.051156250000000014 0.1510833333333333
1 0.7645859374999999 0.5656805555555556 0.059273437500000095 0.20313888888888887
1 0.6684296875 0.6126666666666667 0.05483593750000004 0.2450694444444445
1 0.3437421875 0.6527916666666667 0.06096093749999998 0.3195277777777777