3 0.5016953125 0.3481111111111111 0.03232812500000008 0.15749999999999997
0 0.46159375 0.5379722222222222 0.013101562499999986 0.02616666666666671
1 0.40510156249999996 0.5573888888888889 0.038484374999999994 0.1815138888888888
1 0.7607734374999999 0.5835 0.06593750000000007 0.1412777777777778
1 0.5830546875 0.594625 0.0384765625 0.1464166666666666
1 0.228109375 0.603625 0.04090625000000001 0.16438888888888892
1 0.8688984375000001 0.636375 0.05486718750000001 0.16054166666666672
1 0.4298984375 0.6569166666666667 0.03463281249999994 0.21876388888888887
1 0.52490625 0.6629166666666667 0.03832031249999997 0.2504444444444445
1 0.29312499999999997 0.6663333333333333 0.050999999999999976 0.19650000000000004
1 0.5078125 0.6945972222222222 0.03247656249999995 0.2795555555555555
1 0.435078125 0.7040138888888888 0.05075781250000002 0.275263888888889
1 0.268078125 0.7232777777777778 0.06978906250000003 0.1990694444444444
1 0.877921875 0.7459583333333334 0.09555468749999996 0.18451388888888884
3 0.5094453125 0.8950694444444445 0.046890624999999984 0.15247222222222218