0 0.5870078125 0.18431944444444445 0.013312499999999972 0.0246388888888889
3 0.5021953124999999 0.3485138888888889 0.03140625000000004 0.15933333333333338
1 0.706796875 0.5744444444444444 0.0466796875 0.18308333333333324
1 0.43064843750000004 0.5835277777777778 0.04574218749999996 0.18062499999999992
1 0.255671875 0.6023472222222223 0.029062500000000036 0.16504166666666673
1 0.8862187499999999 0.6408055555555555 0.06824218749999993 0.1864166666666667
1 0.4567421875 0.6485555555555554 0.03204687499999999 0.17911111111111108
1 0.6131875 0.6718194444444444 0.05005468749999995 0.1830833333333334
1 0.3041171875 0.7105416666666666 0.036117187500000016 0.19279166666666675
1 0.2767421875 0.7295555555555555 0.03227343749999996 0.20116666666666663
1 0.7505 0.7488611111111111 0.04292187500000004 0.21576388888888884
1 0.6264140625 0.7596944444444444 0.05211718750000003 0.21543055555555565
1 0.45428125 0.7715694444444444 0.03953124999999993 0.22436111111111107
1 0.6028749999999999 0.7865416666666666 0.05718750000000004 0.23044444444444448
3 0.5133125 0.8955416666666666 0.07203906250000003 0.15134722222222227