0 0.6073984375 0.3193333333333333 0.01281250000000007 0.03202777777777778
3 0.5025000000000001 0.34981944444444446 0.031648437499999994 0.1622916666666667
1 0.738203125 0.5699861111111111 0.036710937500000006 0.15524999999999997
1 0.23785937499999998 0.5871944444444444 0.03824218750000004 0.16543055555555558
1 0.4482734375 0.5926666666666667 0.02834374999999998 0.19280555555555548
1 0.876015625 0.6419444444444445 0.06771093750000005 0.1709027777777778
1 0.6229296875 0.6685416666666667 0.05342187499999991 0.18106944444444453
1 0.46410156249999995 0.6730416666666666 0.03889843749999997 0.21274999999999994
1 0.2505078125 0.6820277777777778 0.04770312499999996 0.1845833333333333
1 0.28118750000000003 0.7422638888888888 0.040437499999999994 0.19005555555555553
1 0.588171875 0.7445972222222222 0.07409374999999993 0.21822222222222232
1 0.45893750000000005 0.7496805555555556 0.03867968749999999 0.21665277777777778
1 0.7762578125 0.7553611111111111 0.059578124999999996 0.21626388888888895
1 0.6543828125 0.8146111111111111 0.07057812499999994 0.22526388888888896
3 0.49325 0.8951666666666667 0.07563281249999995 0.1540833333333334