3 0.5024375 0.3526388888888889 0.031078124999999977 0.1606527777777778
0 0.6073046875 0.4303333333333333 0.01328125 0.026333333333333382
1 0.7459609375 0.568625 0.03836718749999992 0.15341666666666673
1 0.2540703125 0.5780555555555555 0.05142968750000003 0.14686111111111114
1 0.4581015625 0.6102916666666667 0.040054687499999984 0.1858472222222223
1 0.7943046875 0.626 0.04807812499999997 0.18508333333333332
1 0.621140625 0.6648611111111111 0.03535937499999999 0.19948611111111111
1 0.1408359375 0.6746111111111112 0.05476562499999997 0.19337500000000002
1 0.5535859375000001 0.6883055555555556 0.05757031250000004 0.22087500000000004
1 0.4568203125 0.6965833333333333 0.029640625000000042 0.2005138888888889
1 0.4673359375 0.7465277777777778 0.026296875000000063 0.20331944444444436
1 0.276203125 0.757625 0.04422656250000001 0.19215277777777773
1 0.7485 0.7596666666666667 0.0416015625 0.21223611111111104
1 0.6276171875000001 0.8008055555555557 0.07931249999999998 0.2031805555555555
3 0.47620312499999995 0.8909444444444444 0.0740234375 0.16697222222222227