3 0.6807734375 0.3577916666666667 0.03427343749999991 0.16430555555555554
1 0.8404765624999999 0.5948888888888889 0.04961718750000017 0.1760833333333333
1 0.5589921875 0.5970277777777778 0.023132812499999923 0.17394444444444446
1 0.382578125 0.5986388888888888 0.02313281250000001 0.16109722222222222
1 0.8678750000000001 0.659375 0.04239843749999998 0.19161111111111115
1 0.734359375 0.6660694444444445 0.039695312499999955 0.2007083333333334
1 0.7625078125 0.6684722222222221 0.056242187500000006 0.1809027777777777
1 0.2338515625 0.7273472222222223 0.046015624999999984 0.1423611111111111
1 0.6088203125 0.7377916666666667 0.05654687500000009 0.22211111111111112
1 0.48809375 0.7541111111111112 0.038484374999999994 0.21622222222222232
1 0.8633593749999999 0.7632083333333333 0.06106249999999989 0.21087499999999998
1 0.625078125 0.7752499999999999 0.06075781249999999 0.21247222222222226
1 0.7918593749999999 0.8060277777777778 0.049921874999999984 0.23441666666666663
3 0.625375 0.8932638888888889 0.05173437500000002 0.17340277777777766