3 0.7041015625 0.35672222222222216 0.040593750000000026 0.16109722222222222
1 0.8707421875 0.5956944444444444 0.0348749999999999 0.1819722222222222
1 0.4038046875 0.6002361111111111 0.022835937500000014 0.1685972222222222
1 0.5755546875 0.6058611111111112 0.04842187500000002 0.18518055555555563
1 0.7613046875 0.6647361111111111 0.050226562499999974 0.20873611111111107
1 0.8918125 0.6674027777777778 0.04510937499999983 0.21622222222222232
1 0.8079609375000001 0.6682083333333334 0.03697656249999994 0.18143055555555548
1 0.6160390625 0.7391249999999999 0.046914062499999964 0.2247916666666666
1 0.5084140625 0.7431388888888888 0.041796875 0.2103333333333334
1 0.2596015625 0.7436805555555556 0.027664062499999975 0.15038888888888885
1 0.9032500000000001 0.758125 0.04571093750000017 0.22425000000000006
1 0.6232656249999999 0.7757916666666668 0.049921875000000074 0.20926388888888892
1 0.8285859375 0.7864861111111111 0.04569531249999983 0.22961111111111102
3 0.6411796875 0.894875 0.05203124999999993 0.17233333333333323