3 0.7143359375 0.3566944444444444 0.059351562500000024 0.16162500000000002
1 0.546390625 0.6097916666666667 0.03397656250000001 0.18648611111111107
1 0.8809453125 0.615375 0.03461718749999996 0.18949999999999992
1 0.41373437500000004 0.6160277777777778 0.04121874999999999 0.17322222222222225
1 0.7811953124999998 0.6669722222222223 0.04212499999999997 0.21343055555555557
1 0.8993671875 0.6689305555555556 0.0383671875000001 0.21265277777777772
1 0.83040625 0.678736111111111 0.03373437499999987 0.18674999999999997
1 0.5937812499999999 0.7252638888888889 0.05941406249999996 0.21691666666666676
1 0.5065625 0.7297499999999999 0.04210156250000008 0.2079444444444445
1 0.9126093750000001 0.7350416666666667 0.06351562500000014 0.2420694444444444
1 0.8531328125 0.7368055555555556 0.05535156249999993 0.2620833333333334
1 0.2684609375 0.7389305555555555 0.036843749999999974 0.1927222222222222
1 0.620125 0.774625 0.042312500000000065 0.21887499999999996
3 0.627390625 0.8918055555555556 0.044914062500000004 0.1724722222222223