3 0.7159609375 0.3566944444444444 0.05975781250000001 0.1609027777777778
1 0.5430859375 0.6119583333333334 0.03860156250000006 0.18041666666666664
1 0.885078125 0.6164722222222222 0.04084375000000016 0.1887361111111111
1 0.4142421875 0.6164722222222222 0.040437499999999994 0.17283333333333342
1 0.7831796875 0.6678194444444445 0.04735156250000001 0.21043055555555562
1 0.8967656249999999 0.6689027777777778 0.0430781249999999 0.20970833333333336
1 0.8348437499999999 0.6792083333333333 0.03312500000000007 0.18837500000000007
1 0.5869140625 0.7233194444444444 0.05223437499999992 0.21875
1 0.5068828125 0.725125 0.04592968749999997 0.20501388888888883
1 0.919140625 0.7301944444444445 0.056500000000000127 0.2570694444444444
1 0.84928125 0.7316388888888888 0.04857031250000006 0.25056944444444446
1 0.27025 0.7375972222222222 0.035148437500000004 0.19813888888888892
1 0.618640625 0.7632777777777777 0.04286718749999992 0.19669444444444437
3 0.6269843749999999 0.8909027777777778 0.04410156250000004 0.1735555555555556