0 0.2810078125 0.24376388888888886 0.038078125000000004 0.05180555555555557
1 0.3112734375 0.5072361111111111 0.07946875000000002 0.5425277777777778
1 0.2641640625 0.5104027777777778 0.08346875000000002 0.6331249999999999
3 0.51290625 0.5204027777777778 0.03148437499999997 0.16875
1 0.45259375 0.5614861111111111 0.08938281250000006 0.5330555555555555
1 0.587109375 0.6657777777777778 0.06449999999999996 0.3286805555555556
1 0.7242890625 0.6684166666666667 0.056968750000000054 0.3023472222222223
1 0.45259375 0.6699999999999999 0.06686718749999994 0.34763888888888883
1 0.33999999999999997 0.6736805555555556 0.05857031250000002 0.22650000000000006
1 0.012843750000000001 0.6789583333333333 0.0256796875 0.34869444444444436
1 0.6911015625 0.722138888888889 0.10300781249999993 0.43297222222222226