0 0.2253671875 0.27731944444444445 0.03746875000000003 0.04587500000000004
1 0.27168749999999997 0.4988472222222222 0.099609375 0.6223888888888889
1 0.316265625 0.5098055555555555 0.080859375 0.5316944444444445
3 0.516515625 0.5186666666666666 0.03334375000000005 0.1720138888888889
1 0.45846093750000005 0.5775694444444445 0.0908203125 0.5421249999999999
1 0.45582812500000003 0.6604444444444444 0.06795312500000002 0.3513333333333334
1 0.5877578125 0.6630555555555555 0.06439843750000004 0.32736111111111116
1 0.726453125 0.6635694444444444 0.05345312500000006 0.2992083333333334
1 0.33825 0.6755694444444444 0.05682031250000001 0.22727777777777775
1 0.015328125000000001 0.6805555555555556 0.030648437499999997 0.3395000000000001
1 0.688921875 0.7240416666666666 0.108390625 0.4222222222222222