3 0.7411953125 0.33095833333333335 0.017593749999999984 0.10712500000000004
1 0.3960703125 0.402875 0.014023437500000036 0.0725972222222222
1 0.5776171875 0.40826388888888887 0.028429687500000078 0.06316666666666669
1 0.4314609375 0.4092777777777778 0.031203125000000043 0.062486111111111124
1 0.599609375 0.416625 0.02413281250000008 0.07895833333333337
3 0.262234375 0.42386111111111113 0.016648437499999957 0.11416666666666674
1 0.52296875 0.4240277777777778 0.03055468749999992 0.1334027777777777
1 0.533953125 0.4293055555555556 0.028187499999999942 0.1322777777777778
1 0.5342109374999999 0.46593055555555557 0.049812499999999996 0.11804166666666668
1 0.6175234374999999 0.46818055555555554 0.03432812500000004 0.14300000000000004
1 0.4080234375 0.7416250000000001 0.08560156249999995 0.5167499999999999