0 0.4351015625 0.21369444444444446 0.02277343750000007 0.04343055555555553
3 0.7405625 0.34865277777777776 0.01721874999999997 0.10755555555555556
1 0.5771484375 0.42118055555555556 0.027585937499999956 0.07124999999999994
1 0.6247109375 0.42176388888888894 0.016273437499999942 0.0830833333333334
1 0.590953125 0.42456944444444444 0.014945312500000085 0.09638888888888886
3 0.2621953125 0.43920833333333337 0.016171875000000037 0.1125
1 0.525921875 0.4396527777777778 0.037890625 0.12713888888888883
1 0.532828125 0.4461527777777778 0.028078125000000044 0.13186111111111118
1 0.6299453125000001 0.44837499999999997 0.030062500000000013 0.10673611111111114
1 0.548453125 0.4825277777777778 0.045703125 0.11944444444444445
1 0.614765625 0.4863194444444444 0.028953124999999958 0.14734722222222227
1 0.4184140625 0.5532222222222222 0.06403906250000002 0.4050833333333333