0 0.48338281250000004 0.29200000000000004 0.014835937500000007 0.021999999999999964
3 0.7443906250000001 0.3696527777777777 0.018789062499999964 0.10848611111111113
1 0.43024218750000004 0.43280555555555555 0.024898437499999915 0.07504166666666663
1 0.587015625 0.4381666666666667 0.015421875000000007 0.09111111111111114
1 0.5769375 0.4401805555555556 0.026539062500000023 0.07504166666666663
1 0.41875 0.44402777777777774 0.019187499999999958 0.09547222222222224
1 0.63478125 0.44822222222222224 0.018984374999999963 0.09044444444444445
3 0.2581171875 0.4610138888888889 0.015734374999999988 0.11502777777777785
1 0.5294531250000001 0.4648055555555556 0.0419921875 0.13030555555555562
1 0.6323359375 0.4691527777777778 0.020500000000000008 0.11088888888888894
1 0.51334375 0.4699861111111111 0.03728906250000001 0.13400000000000004
1 0.5801484375 0.5003055555555556 0.045007812499999925 0.13433333333333336
1 0.6166015625 0.5190694444444445 0.02973437499999996 0.1604583333333333
1 0.41096093749999996 0.6078611111111112 0.07540624999999998 0.3206944444444444