0 0.49887499999999996 0.33329166666666665 0.008890625000000086 0.026263888888888923
3 0.8259375 0.3522083333333334 0.024460937499999957 0.1496666666666667
1 0.592859375 0.42666666666666664 0.02318750000000005 0.11145833333333334
1 0.3743203125 0.4282777777777778 0.02266406249999999 0.0943472222222223
1 0.5818046875 0.4361527777777777 0.032804687500000006 0.12765277777777773
1 0.505171875 0.436375 0.03091406249999995 0.09481944444444441
1 0.70159375 0.44099999999999995 0.027796874999999943 0.10406944444444453
1 0.442875 0.4745277777777778 0.029679687500000006 0.12765277777777773
1 0.5548828125 0.47984722222222226 0.04866406249999997 0.16697222222222227
1 0.45171875000000006 0.48101388888888885 0.04737500000000008 0.180375
3 0.1627734375 0.4810416666666667 0.03269531250000002 0.1567083333333334
1 0.6950937500000001 0.4886388888888889 0.040281249999999956 0.14106944444444453
1 0.7069296875 0.5409027777777777 0.05875000000000004 0.18269444444444438
1 0.6559375000000001 0.5853055555555555 0.04210156250000008 0.22431944444444443
1 0.3531328125 0.6517222222222222 0.07055468749999996 0.3435833333333334