0 0.4834296875 0.18545833333333334 0.010164062499999993 0.020611111111111097
3 0.8639765625000001 0.34751388888888896 0.024437500000000157 0.16494444444444448
1 0.7338359375 0.42786111111111114 0.027523437500000015 0.09495833333333334
1 0.5795546875 0.42915277777777777 0.03892968749999994 0.11199999999999997
1 0.496953125 0.4322361111111111 0.024062499999999966 0.10580555555555549
1 0.334671875 0.43276388888888884 0.038578125 0.11612500000000002
1 0.559671875 0.43766666666666665 0.027023437499999935 0.10322222222222213
1 0.551390625 0.4856666666666667 0.06673437500000005 0.20334722222222218
1 0.44934375 0.48591666666666666 0.03749218750000001 0.15637500000000004
1 0.42916406250000005 0.49469444444444444 0.047562500000000084 0.18527777777777774
3 0.119125 0.49588888888888893 0.03289062500000002 0.1787499999999999
1 0.71990625 0.5042361111111111 0.05596875000000008 0.15380555555555556
1 0.7768046875 0.5762361111111111 0.06351562500000005 0.20902777777777778
1 0.6757734375 0.6198472222222222 0.06525781249999998 0.24669444444444444
1 0.354828125 0.6577777777777778 0.0713828125 0.3294027777777778